timestamp,open,high,low,close,volume,close_time,quote_av,trades,tb_base_av,tb_quote_av,ignore
2018-01-01,223.69000000,231.19000000,212.74000000,222.61000000,20221.25300000,1514851199999,4495346.59398870,17150,9574.03964000,2128648.50494200,0
2018-01-02,222.62000000,256.49000000,222.62000000,247.33000000,63293.12934000,1514937599999,15468084.20938890,34824,27882.52627000,6801232.76132390,0
2018-01-03,247.33000000,253.40000000,233.56000000,238.77000000,71369.27484000,1515023999999,17455596.19375660,37685,26294.86991000,6416466.17467360,0
2018-01-04,238.89000000,240.00000000,219.38000000,233.00000000,78182.30493000,1515110399999,17951834.03896510,43209,32637.42362000,7494880.20355790,0
2018-01-05,233.04000000,250.99000000,230.00000000,240.54000000,65010.14465000,1515196799999,15696625.23798450,30382,31773.32633000,7684033.40150970,0
2018-01-06,240.95000000,315.00000000,238.73000000,275.28000000,100812.21370000,1515283199999,28259590.95256040,41513,48146.90612000,13540103.10405150,0
2018-01-07,276.24000000,287.00000000,262.00000000,269.01000000,43811.61108000,1515369599999,12078548.83517490,23777,19199.92489000,5290835.80199830,0
2018-01-08,269.01000000,271.82000000,212.74000000,252.65000000,76256.97086000,1515455999999,19095109.75956960,33866,29853.94175000,7463440.03388410,0
2018-01-09,252.49000000,257.64000000,228.24000000,244.48000000,53921.90417000,1515542399999,13345180.46142260,25770,24047.68111000,5959695.69280420,0
2018-01-10,244.56000000,248.99000000,225.05000000,247.63000000,70931.30085000,1515628799999,16870783.60570080,29781,31173.20611000,7410068.00891550,0
2018-01-11,247.63000000,252.27000000,195.03000000,223.77000000,83842.47294000,1515715199999,19073326.49101500,37597,33923.40421000,7709182.77607520,0
2018-01-12,223.76000000,240.45000000,213.01000000,233.11000000,45676.80703000,1515801599999,10548375.58706470,22683,19364.75803000,4473975.70822690,0
2018-01-13,233.11000000,263.99000000,232.54000000,257.98000000,42811.12858000,1515887999999,10476151.19283710,20564,20536.64911000,5021873.20889510,0
2018-01-14,257.98000000,271.64000000,222.00000000,234.12000000,62203.40257000,1515974399999,15137840.87267710,26501,25641.01885000,6275629.38469460,0
2018-01-15,234.26000000,242.31000000,227.60000000,229.50000000,35755.94861000,1516060799999,8398319.52401280,18021,15013.08980000,3534600.88157560,0
2018-01-16,229.50000000,242.00000000,135.67000000,179.28000000,150044.07322000,1516147199999,28582968.27984050,49964,64065.88370000,12201667.00554840,0
2018-01-17,179.28000000,198.89000000,136.20000000,182.44000000,155640.00921000,1516233599999,26395093.95533670,51587,72243.33500000,12288904.47763290,0
2018-01-18,183.45000000,202.19000000,170.50000000,186.14000000,98372.75595000,1516319999999,18512748.89318030,37258,44029.86546000,8310227.41932720,0
2018-01-19,186.21000000,199.00000000,176.04000000,191.42000000,59369.45319000,1516406399999,11209086.54687990,24967,27602.06075000,5216599.03376080,0
2018-01-20,191.44000000,215.00000000,190.67000000,210.40000000,59162.64755000,1516492799999,12075942.50821620,24687,29006.20287000,5900659.55160940,0
2018-01-21,210.05000000,210.69000000,180.00000000,190.16000000,64817.00761000,1516579199999,12460823.87205310,28336,29757.15696000,5734079.57744880,0
2018-01-22,190.52000000,195.00000000,163.44000000,178.00000000,60376.36050000,1516665599999,10811398.77051230,26955,28293.81948000,5057167.65325140,0
2018-01-23,178.00000000,186.42000000,163.02000000,176.98000000,49510.38638000,1516751999999,8716023.11744210,23619,25000.16983000,4402922.98675540,0
2018-01-24,176.94000000,186.30000000,171.58000000,180.89000000,43298.49800000,1516838399999,7744819.23022160,21988,20920.03814000,3747044.81545750,0
2018-01-25,180.83000000,186.00000000,175.58000000,179.59000000,39819.99079000,1516924799999,7216982.00761450,16942,16921.55596000,3067094.84120900,0
2018-01-26,179.00000000,183.06000000,165.00000000,177.09000000,49473.65655000,1517011199999,8624749.65474230,19450,22485.58862000,3916169.19209480,0
2018-01-27,175.73000000,184.00000000,173.00000000,182.10000000,31424.87310000,1517097599999,5654927.14895050,14128,15983.90511000,2879515.64334770,0
2018-01-28,182.11000000,198.00000000,181.70000000,196.74000000,47275.56346000,1517183999999,8994922.71388620,20582,20990.86972000,3994254.65597230,0
2018-01-29,196.74000000,197.19000000,180.01000000,181.50000000,36900.24385000,1517270399999,6841796.67623810,18605,13892.86110000,2581121.38679950,0
2018-01-30,181.51000000,181.96000000,160.59000000,168.21000000,56599.48048000,1517356799999,9714236.04562830,30313,22464.14624000,3860900.60489430,0
2018-01-31,168.10000000,169.31000000,157.50000000,165.19000000,37253.63137000,1517443199999,6066209.67681110,22621,15671.22412000,2551442.29591890,0
2018-02-01,164.83000000,167.20000000,132.00000000,143.69000000,64818.91744000,1517529599999,9681259.49916770,32711,29886.71476000,4465753.55994270,0
2018-02-02,144.04000000,147.00000000,108.52000000,131.68000000,124193.03592000,1517615999999,15940474.89218790,55200,51812.38821000,6664419.05236070,0
2018-02-03,131.99000000,166.99000000,120.06000000,160.30000000,143242.70975000,1517702399999,21386022.97195930,55345,75068.15025000,11218120.71455160,0
2018-02-04,160.86000000,174.75000000,138.00000000,147.09000000,300059.19271000,1517788799999,46812220.17720890,101423,138377.96242000,21607673.59732960,0
2018-02-05,147.29000000,153.96000000,116.60000000,125.17000000,299970.42074000,1517875199999,40146290.06977090,91798,143903.02671000,19215186.40728450,0
2018-02-06,125.17000000,147.00000000,106.50000000,141.00000000,393108.74790000,1517961599999,49029234.27725300,117861,193845.02323000,24175888.64083430,0
2018-02-07,140.96000000,157.00000000,130.01000000,137.21000000,178588.57054000,1518047999999,25755598.05865620,63415,88303.34573000,12736779.38408620,0
2018-02-08,137.97000000,143.50000000,137.20000000,142.37000000,3877.47235000,1518134399999,547053.00730280,1385,1905.60024000,268489.35745770,0
2018-02-09,142.37000000,164.40000000,142.37000000,163.73000000,65205.08736000,1518220799999,10150897.42150240,27598,32699.20208000,5088066.44558890,0
2018-02-10,163.74000000,169.00000000,146.01000000,154.65000000,133107.16189000,1518307199999,21097674.31395380,57987,63172.37194000,10014612.25213940,0
2018-02-11,154.62000000,156.10000000,139.00000000,148.28000000,90638.82249000,1518393599999,13496062.27590880,51011,42721.53643000,6352773.85900540,0
2018-02-12,148.28000000,163.75000000,146.04000000,161.49000000,92515.29686000,1518479999999,14589621.47037760,49748,45833.44529000,7226598.56710700,0
2018-02-13,161.55000000,162.95000000,152.00000000,159.63000000,76565.21628000,1518566399999,12069558.83417410,40116,36067.65160000,5682209.14513960,0
2018-02-14,159.45000000,218.60000000,158.94000000,212.25000000,734010.65110000,1518652799999,144508206.89091850,274802,353663.59617000,69704908.01745660,0
2018-02-15,212.25000000,236.66000000,206.50000000,220.64000000,676400.69461000,1518739199999,150844274.53771310,285935,328717.11409000,73340181.62978030,0
2018-02-16,220.64000000,235.58000000,208.56000000,228.08000000,408040.45123000,1518825599999,90688669.04928490,183771,200015.78840000,44456763.58195970,0
2018-02-17,228.00000000,232.20000000,222.78000000,228.00000000,190064.55131000,1518911999999,43303634.02177070,88178,88820.88315000,20252097.76582040,0
2018-02-18,228.08000000,231.39000000,210.10000000,213.66000000,302164.90588000,1518998399999,66870686.08985430,134218,143625.12839000,31788439.12515750,0
2018-02-19,213.23000000,226.50000000,196.00000000,221.44000000,171716.19683000,1519084799999,37779444.70496560,83172,83717.63492000,18469716.14117120,0
2018-02-20,221.44000000,254.80000000,221.00000000,228.51000000,534334.84146000,1519171199999,128317944.01818600,198469,262679.81851000,63044328.88227120,0
2018-02-21,228.50000000,233.53000000,203.12000000,209.60000000,493443.00002000,1519257599999,106976453.09278310,174112,238801.17417000,51774388.91609980,0
2018-02-22,209.60000000,222.00000000,188.00000000,192.61000000,396496.54890000,1519343999999,80299085.59456320,152795,189954.96977000,38471408.79557930,0
2018-02-23,192.69000000,216.28000000,182.00000000,206.40000000,427034.15419000,1519430399999,85820511.91913450,168771,212092.58389000,42574241.82317950,0
2018-02-24,206.38000000,219.00000000,192.30000000,206.50000000,326443.09261000,1519516799999,67239268.01249550,118056,150389.37783000,31010729.50580580,0
2018-02-25,206.69000000,223.17000000,198.94000000,217.78000000,314689.26189000,1519603199999,66459733.72921810,98439,158263.98399000,33434766.03982420,0
2018-02-26,218.16000000,232.30000000,214.43000000,218.50000000,408480.12476000,1519689599999,91104241.05865880,130023,190918.09356000,42612183.53968740,0
2018-02-27,218.25000000,224.36000000,211.80000000,214.60000000,248945.78729000,1519775999999,54293702.44714690,80132,103419.72390000,22549585.70914150,0
2018-02-28,214.94000000,223.71000000,201.50000000,201.86000000,185588.08799000,1519862399999,39526352.13112940,64499,83032.24038000,17713389.50017380,0
2018-03-01,201.86000000,215.00000000,200.20000000,209.17000000,121521.21293000,1519948799999,25319046.47942650,48132,59236.04354000,12350137.14185100,0
2018-03-02,209.14000000,214.47000000,203.43000000,212.80000000,89853.18198000,1520035199999,18725901.76087050,39878,40881.60956000,8524518.39121940,0
2018-03-03,212.80000000,218.39000000,208.00000000,210.04000000,120120.98049000,1520121599999,25787453.09508830,43220,59657.92828000,12822101.15043700,0
2018-03-04,210.00000000,215.34000000,204.50000000,213.19000000,67079.93530000,1520207999999,14045210.12293570,30477,31262.83692000,6553150.34208450,0
2018-03-05,213.19000000,217.00000000,208.17000000,210.14000000,71680.40092000,1520294399999,15251073.12713950,31661,31898.03614000,6792958.33724060,0
2018-03-06,210.03000000,210.49000000,191.31000000,196.24000000,130006.53725000,1520380799999,26094574.12495490,48522,61495.59179000,12312106.91576720,0
2018-03-07,196.20000000,199.28000000,173.08000000,185.25000000,229372.21016000,1520467199999,42660481.22319730,68175,124921.56473000,23167918.58628460,0
2018-03-08,185.33000000,187.50000000,173.69000000,175.24000000,160132.53652000,1520553599999,28906501.33471850,53926,79610.77496000,14382372.11102060,0
2018-03-09,175.06000000,190.00000000,157.68000000,185.79000000,308773.92425000,1520639999999,53588984.01247140,95879,152486.57819000,26514310.10040400,0
2018-03-10,185.88000000,194.99000000,174.48000000,176.74000000,187043.85418000,1520726399999,34636318.13375970,61707,90030.04357000,16701700.40192600,0
2018-03-11,176.85000000,194.00000000,169.85000000,188.16000000,197705.66569000,1520812799999,36114840.74376730,64755,99996.46121000,18287681.25649530,0
2018-03-12,188.16000000,192.88000000,173.58000000,177.80000000,142835.10745000,1520899199999,26187028.20315480,54266,65520.30963000,12022979.26383370,0
2018-03-13,177.80000000,182.90000000,170.51000000,175.01000000,115964.95615000,1520985599999,20385448.39677210,47319,58657.78805000,10316805.80063940,0
2018-03-14,175.38000000,177.52000000,156.50000000,160.15000000,151320.17882000,1521071999999,25068333.72766990,58616,69351.03147000,11512190.47853980,0
2018-03-15,160.00000000,167.70000000,149.55000000,164.00000000,207428.04449000,1521158399999,33196769.34233900,63297,101178.12101000,16216514.33065610,0
2018-03-16,164.00000000,171.60000000,157.50000000,164.10000000,113818.45328000,1521244799999,18718175.61006310,41920,60631.95644000,9981817.65871420,0
2018-03-17,164.12000000,165.96000000,150.20000000,151.75000000,105128.93202000,1521331199999,16522818.82921320,38038,49012.46885000,7709985.42933510,0
2018-03-18,151.70000000,158.00000000,136.86000000,153.50000000,241693.69755000,1521417599999,35451731.96012660,80391,113562.97990000,16657410.30275950,0
2018-03-19,153.59000000,163.88000000,150.66000000,161.20000000,171855.32008000,1521503999999,26919936.39798440,63302,84253.00778000,13203049.67196560,0
2018-03-20,161.18000000,174.00000000,155.41000000,168.24000000,125783.56494000,1521590399999,20695744.22470140,47676,62673.93637000,10307779.38551890,0
2018-03-21,168.50000000,175.88000000,165.22000000,168.54000000,110902.81246000,1521676799999,18938393.14586640,45091,53541.38786000,9146615.10480070,0
2018-03-22,168.43000000,172.64000000,159.51000000,163.65000000,100604.62741000,1521763199999,16639641.32303240,37553,51116.53860000,8462272.43587660,0
2018-03-23,163.65000000,169.50000000,156.13000000,168.66000000,80739.90111000,1521849599999,12990746.16794190,31977,39652.33360000,6382270.71748150,0
2018-03-24,168.97000000,169.74000000,157.73000000,158.92000000,73773.75243000,1521935999999,12109450.71694160,29402,34255.96771000,5622487.41829180,0
2018-03-25,158.81000000,162.89000000,156.75000000,160.01000000,46203.18669000,1522022399999,7379174.83764750,21307,20838.48465000,3331025.10066400,0
2018-03-26,160.00000000,161.06000000,141.56000000,147.83000000,99508.29226000,1522108799999,14928884.48893860,40209,47261.55971000,7086969.24725100,0
2018-03-27,147.71000000,149.34000000,134.40000000,135.00000000,103463.38910000,1522195199999,14565091.82619180,35412,47854.87858000,6734615.26160680,0
2018-03-28,135.00000000,139.75000000,130.10000000,131.22000000,83839.85944000,1522281599999,11261253.99554330,27705,39771.88128000,5342878.03070990,0
2018-03-29,131.31000000,132.60000000,112.51000000,114.70000000,187392.76989000,1522367999999,22462324.11536510,53948,87848.64398000,10513595.59862530,0
2018-03-30,114.55000000,126.45000000,109.77000000,118.35000000,252079.14240000,1522454399999,29552457.23817430,69432,125984.91161000,14761716.48833620,0
2018-03-31,118.10000000,124.28000000,115.26000000,116.05000000,128237.78840000,1522540799999,15387597.55387930,37066,63340.08481000,7599637.09432740,0
2018-04-01,116.05000000,118.38000000,109.03000000,114.74000000,113209.88408000,1522627199999,12890391.88632430,35748,56043.18620000,6385693.38877580,0
2018-04-02,114.97000000,121.71000000,113.54000000,119.05000000,91168.44423000,1522713599999,10788172.88104210,27432,45883.25756000,5431137.25324940,0
2018-04-03,119.03000000,137.25000000,118.00000000,134.04000000,139283.42730000,1522799999999,17832887.34026740,41708,71195.95966000,9100773.48543750,0
2018-04-04,133.82000000,134.77000000,115.20000000,118.07000000,168974.97950000,1522886399999,20675256.30119420,51911,78433.91084000,9616291.93397410,0
2018-04-05,118.01000000,122.50000000,113.63000000,118.26000000,125611.59831000,1522972799999,14846290.08531570,39718,62049.96342000,7341418.65185190,0
2018-04-06,118.41000000,120.15000000,111.31000000,112.79000000,83137.97172000,1523059199999,9505959.68450770,25277,37526.14367000,4287167.47359310,0
2018-04-07,112.70000000,119.72000000,112.19000000,115.80000000,73178.28817000,1523145599999,8566752.71608500,23798,40377.16106000,4727253.90565960,0
2018-04-08,115.80000000,118.49000000,115.34000000,117.55000000,42540.37579000,1523231999999,4974656.47312480,16718,21030.42335000,2461313.17626280,0
2018-04-09,117.80000000,122.99000000,112.48000000,114.79000000,98639.79044000,1523318399999,11532234.07972710,30073,44039.48260000,5153743.99766360,0
2018-04-10,114.62000000,115.26000000,111.25000000,114.25000000,54554.53212000,1523404799999,6206852.14147880,17673,26857.86969000,3058234.55703770,0
2018-04-11,114.25000000,119.59000000,112.92000000,118.40000000,62636.41007000,1523491199999,7213019.40881650,19511,30698.81459000,3538005.62778500,0
2018-04-12,118.40000000,130.90000000,112.92000000,129.67000000,232191.22828000,1523577599999,28190785.75062570,65320,125324.70288000,15235887.02896850,0
2018-04-13,129.62000000,133.98000000,123.55000000,125.10000000,187842.62140000,1523663999999,24181800.33311260,50478,92209.01917000,11884578.38213390,0
2018-04-14,125.28000000,129.71000000,124.00000000,126.40000000,77108.42942000,1523750399999,9769310.99783110,138315,37623.54085000,4772904.90639530,0
2018-04-15,126.40000000,132.99000000,126.40000000,132.45000000,61105.32594000,1523836799999,7961965.48579820,18549,31087.18574000,4052608.67941380,0
2018-04-16,132.45000000,133.49000000,124.88000000,128.96000000,86544.75050000,1523923199999,11079471.42206030,21422,39332.08196000,5030155.64902360,0
2018-04-17,128.76000000,140.50000000,128.73000000,132.09000000,165601.88021000,1524009599999,22412227.67370600,42354,84527.40941000,11439490.38351590,0
2018-04-18,132.10000000,141.43000000,131.50000000,140.36000000,100942.78845000,1524095999999,13851175.14813970,26882,49319.41236000,6765414.42965060,0
2018-04-19,140.36000000,147.48000000,138.51000000,146.71000000,97431.94319000,1524182399999,13912412.55674140,28013,48511.84064000,6932582.91964290,0
2018-04-20,146.50000000,156.49000000,142.62000000,155.71000000,139102.83366000,1524268799999,20855523.29368250,40989,66532.93312000,9979120.68837340,0
2018-04-21,155.50000000,156.94000000,139.80000000,148.40000000,150940.43752000,1524355199999,22447754.90338590,45250,70525.22780000,10494034.04167880,0
2018-04-22,148.38000000,153.14000000,144.26000000,146.38000000,84286.79520000,1524441599999,12575028.72978870,27696,40274.52592000,6013815.50296830,0
2018-04-23,146.38000000,153.67000000,145.80000000,152.56000000,73891.75771000,1524527999999,11150207.81266440,22972,35977.88313000,5430327.00252160,0
2018-04-24,152.57000000,166.29000000,152.44000000,164.78000000,172718.06809000,1524614399999,27854951.37863530,45827,84898.39232000,13687630.42640340,0
2018-04-25,164.23000000,164.79000000,141.85000000,144.75000000,192757.19523000,1524700799999,29132512.54840670,55270,87285.46959000,13175273.44459250,0
2018-04-26,144.74000000,154.84000000,142.00000000,153.19000000,98478.86456000,1524787199999,14546459.95030140,26019,50985.17952000,7550629.78280910,0
2018-04-27,153.19000000,153.80000000,144.44000000,144.90000000,95174.33853000,1524873599999,14304916.63320680,27583,41390.55432000,6223237.36235520,0
2018-04-28,145.66000000,153.74000000,144.49000000,152.10000000,80642.67696000,1524959999999,12143970.52083100,26844,35874.20397000,5405572.49142820,0
2018-04-29,151.89000000,156.87000000,148.00000000,153.50000000,93443.53020000,1525046399999,14243367.23915790,30197,43180.89659000,6588840.76823150,0
2018-04-30,153.51000000,154.90000000,147.00000000,148.37000000,92445.57179000,1525132799999,13941608.94019590,27153,39407.46901000,5951200.95243280,0
2018-05-01,148.36000000,148.89000000,142.44000000,148.29000000,88367.51511000,1525219199999,12837335.36362920,25648,39447.63151000,5736377.76978860,0
2018-05-02,148.28000000,153.76000000,146.21000000,151.58000000,76486.25106000,1525305599999,11423470.36601890,23551,38866.10638000,5803710.77371570,0
2018-05-03,151.58000000,165.04000000,150.00000000,161.38000000,190732.67746000,1525391999999,30112567.14556100,52984,100030.92114000,15788733.51859280,0
2018-05-04,161.17000000,172.10000000,157.10000000,169.44000000,175174.34128000,1525478399999,28741709.54112180,39748,92430.78724000,15146682.55476890,0
2018-05-05,169.20000000,184.67000000,168.13000000,179.04000000,226947.81755000,1525564799999,40162226.18971070,56655,112812.44478000,19978312.62844990,0
2018-05-06,178.86000000,184.98000000,164.80000000,172.32000000,198191.57381000,1525651199999,34339687.67892420,48936,96847.82572000,16787241.98175670,0
2018-05-07,172.10000000,172.81000000,157.30000000,164.59000000,170523.83579000,1525737599999,27962061.88861870,41948,80242.45693000,13155029.11337930,0
2018-05-08,164.52000000,168.66000000,155.05000000,158.89000000,113315.93625000,1525823999999,18364526.22497470,28380,54820.93961000,8903202.09329420,0
2018-05-09,159.00000000,160.32000000,150.00000000,156.72000000,96837.57036000,1525910399999,15104252.62646250,26399,45851.99528000,7155075.61260290,0
2018-05-10,156.75000000,160.90000000,147.22000000,148.16000000,87015.41914000,1525996799999,13514823.46593910,24845,39772.28709000,6162071.74756610,0
2018-05-11,148.11000000,148.50000000,132.97000000,136.32000000,147425.60375000,1526083199999,20808982.58129410,40640,72444.42406000,10250342.29111320,0
2018-05-12,136.32000000,144.47000000,130.32000000,141.57000000,91975.31387000,1526169599999,12746995.49560260,31887,43671.58273000,6061685.02908880,0
2018-05-13,141.43000000,146.89000000,136.10000000,144.24000000,89476.86723000,1526255999999,12691439.05026640,26102,42342.13699000,6002371.08319450,0
2018-05-14,144.19000000,152.95000000,134.19000000,147.42000000,171489.17098000,1526342399999,24597937.50007520,47336,81389.22286000,11696662.77035630,0
2018-05-15,147.10000000,149.67000000,136.91000000,139.35000000,105112.90271000,1526428799999,15094108.78206160,33164,48010.67212000,6895025.92331660,0
2018-05-16,139.34000000,140.86000000,133.50000000,138.92000000,70852.18798000,1526515199999,9700453.29346430,24269,36593.17631000,5008620.11061610,0
2018-05-17,138.91000000,141.50000000,131.00000000,132.31000000,58209.58480000,1526601599999,7947073.01728650,19831,28947.30450000,3953566.42196270,0
2018-05-18,132.07000000,137.49000000,128.00000000,135.95000000,66556.79304000,1526687999999,8827432.32500560,20413,32998.53842000,4376049.02583160,0
2018-05-19,135.95000000,137.77000000,132.60000000,134.95000000,37830.56861000,1526774399999,5116578.09084630,14468,18377.85753000,2483234.59208790,0
2018-05-20,134.89000000,141.00000000,132.50000000,139.64000000,47003.82267000,1526860799999,6479741.68457700,17436,23881.08067000,3290835.00590010,0
2018-05-21,139.63000000,140.25000000,133.43000000,134.25000000,43516.21890000,1526947199999,5933499.30172320,15840,19149.77398000,2613454.23561900,0
2018-05-22,134.25000000,136.25000000,127.31000000,127.89000000,41745.53907000,1527033599999,5488322.58172580,17588,18960.18154000,2489330.86807480,0
2018-05-23,127.90000000,129.35000000,115.83000000,118.37000000,107080.51483000,1527119999999,13059496.18836380,30022,51939.63467000,6344776.93545960,0
2018-05-24,118.29000000,124.85000000,114.70000000,122.58000000,79220.48706000,1527206399999,9517575.35481920,24953,39740.71229000,4784201.14710620,0
2018-05-25,122.65000000,124.58000000,116.63000000,118.87000000,98242.40331000,1527292799999,11733268.47529520,24159,60307.70819000,7196949.47522910,0
2018-05-26,118.78000000,122.46000000,117.18000000,118.45000000,121594.26960000,1527379199999,14597965.93278100,23328,77307.53536000,9282976.18629660,0
2018-05-27,118.35000000,119.00000000,116.58000000,117.71000000,119072.15578000,1527465599999,13992547.54630880,21705,78327.64511000,9207848.48125560,0
2018-05-28,117.72000000,118.97000000,110.00000000,110.82000000,75142.06687000,1527551999999,8624420.81840440,21684,42214.15190000,4860769.54046520,0
2018-05-29,110.66000000,122.71000000,109.41000000,119.28000000,70835.89135000,1527638399999,8344414.07918550,19151,37321.12903000,4380892.41179450,0
2018-05-30,119.52000000,122.73000000,114.69000000,117.18000000,47541.06432000,1527724799999,5657430.33610230,15293,23786.50339000,2826183.45343620,0
2018-05-31,117.18000000,121.01000000,116.04000000,118.25000000,55831.28616000,1527811199999,6646626.53513790,15845,24987.15427000,2974683.81557610,0
2018-06-01,118.25000000,120.40000000,116.62000000,120.19000000,51605.41534000,1527897599999,6128372.28640440,12473,28886.23348000,3435489.85394120,0
2018-06-02,120.19000000,124.50000000,118.66000000,123.44000000,45059.33298000,1527983999999,5504755.44252960,14573,23033.02968000,2813400.54253800,0
2018-06-03,123.44000000,127.98000000,122.23000000,125.33000000,52884.48398000,1528070399999,6636628.90440110,18072,25367.27891000,3182076.18325010,0
2018-06-04,125.07000000,127.01000000,118.00000000,119.77000000,59686.24550000,1528156799999,7227010.09505930,16492,28557.42338000,3454176.95756250,0
2018-06-05,119.77000000,122.60000000,115.77000000,122.18000000,48879.62750000,1528243199999,5823546.86938920,16679,25616.71169000,3054656.03449770,0
2018-06-06,122.20000000,122.94000000,118.00000000,121.61000000,36817.66091000,1528329599999,4450435.12769190,13302,17837.08893000,2158544.13630920,0
2018-06-07,121.63000000,123.84000000,119.40000000,121.54000000,39573.29608000,1528415999999,4812926.92528820,15223,20694.80961000,2515083.70295270,0
2018-06-08,121.56000000,122.18000000,118.04000000,119.68000000,28982.19754000,1528502399999,3468451.55448420,10223,13445.89325000,1610132.96239610,0
2018-06-09,119.90000000,120.93000000,116.70000000,117.40000000,17060.66336000,1528588799999,2035221.80309190,8081,6163.58096000,735969.99043740,0
2018-06-10,117.25000000,117.47000000,102.75000000,106.48000000,88683.19352000,1528675199999,9692900.33654710,26149,38586.09165000,4204566.77902730,0
2018-06-11,106.50000000,108.42000000,102.70000000,107.20000000,56836.22735000,1528761599999,6006747.92050700,18424,27953.52898000,2955049.28874540,0
2018-06-12,107.20000000,107.86000000,94.05000000,99.68000000,73444.59887000,1528847999999,7540691.12125080,20716,36649.90414000,3758258.89209080,0
2018-06-13,99.68000000,100.45000000,86.71000000,93.37000000,168148.05693000,1528934399999,15894051.79719390,34592,88195.79704000,8365073.85420610,0
2018-06-14,93.40000000,102.87000000,91.65000000,100.88000000,177889.85806000,1529020799999,17309706.94938220,36543,105891.71719000,10296484.59790980,0
2018-06-15,100.89000000,100.98000000,94.49000000,95.50000000,155895.24619000,1529107199999,15253287.66092140,29482,94353.88558000,9242796.90707040,0
2018-06-16,95.50000000,97.58000000,92.68000000,96.66000000,130013.99526000,1529193599999,12447952.53848720,25038,81715.89951000,7821400.36381430,0
2018-06-17,96.65000000,98.20000000,94.51000000,94.95000000,119733.09263000,1529279999999,11542696.56727820,24087,76678.55288000,7392038.38728820,0
2018-06-18,94.95000000,99.88000000,92.89000000,98.70000000,161804.46253000,1529366399999,15517726.76434080,31156,95013.38746000,9089352.54444850,0
2018-06-19,98.79000000,120.00000000,96.91000000,98.67000000,130065.51125000,1529452799999,12839843.27508580,28856,76030.22658000,7518120.47581600,0
2018-06-20,98.67000000,99.13000000,95.21000000,97.72000000,141985.64173000,1529539199999,13782651.35795550,28109,86205.48305000,8365644.85631070,0
2018-06-21,97.72000000,99.30000000,96.00000000,96.72000000,137564.82500000,1529625599999,13359242.49173600,27061,89085.65445000,8649548.49260480,0
2018-06-22,96.74000000,96.87000000,80.02000000,84.80000000,232108.91398000,1529711999999,20336007.62900020,49836,129606.23184000,11368175.50600680,0
2018-06-23,84.75000000,86.77000000,81.31000000,82.73000000,165849.75562000,1529798399999,13847070.92122740,33337,101453.62802000,8474249.62643300,0
2018-06-24,82.76000000,83.63000000,73.22000000,80.37000000,250304.81918000,1529884799999,19659622.60256120,51231,144419.64864000,11343855.26544590,0
2018-06-25,80.46000000,84.38000000,78.55000000,81.48000000,164736.37327000,1529971199999,13384187.73770080,34791,99167.85404000,8059925.09231790,0
2018-06-26,81.48000000,81.99000000,75.00000000,75.54000000,118123.18034000,1530057599999,9353924.39903110,20213,66891.78085000,5299687.79762170,0
2018-06-27,75.63000000,81.75000000,74.87000000,80.60000000,139175.33409000,1530143999999,10907247.06259750,25034,80491.39387000,6302600.36586730,0
2018-06-28,80.71000000,81.43000000,73.89000000,74.05000000,179829.06566000,1530230399999,14111508.68267390,29603,103367.20211000,8119469.18154010,0
2018-06-29,74.24000000,80.79000000,72.15000000,78.94000000,182184.86448000,1530316799999,13628167.37193280,31677,108816.98204000,8131875.06829470,0
2018-06-30,78.94000000,84.59000000,78.84000000,81.33000000,170407.29923000,1530403199999,13873276.69073950,27835,103568.43676000,8428467.43063370,0
2018-07-01,81.34000000,81.83000000,77.73000000,79.95000000,145195.40481000,1530489599999,11578099.27792050,23604,89443.87515000,7135071.67454210,0
2018-07-02,79.96000000,87.06000000,78.11000000,85.36000000,171028.13169000,1530575999999,14148269.22342630,29795,105343.52079000,8714577.99444630,0
2018-07-03,85.36000000,90.00000000,83.64000000,85.09000000,192538.98749000,1530662399999,16697670.12150900,33969,112686.43807000,9776687.74737240,0
2018-07-04,84.87000000,89.01000000,83.98000000,85.28000000,119209.87857000,1530748799999,10301557.58628380,19372,68536.90450000,5925469.16535010,0
2018-07-05,85.23000000,87.11000000,81.77000000,83.33000000,170561.63319000,1530835199999,14375938.52866400,32553,98132.20143000,8272331.93436480,0
2018-07-06,83.26000000,84.23000000,80.67000000,83.10000000,156241.98721000,1530921599999,12927067.51686360,30334,97755.77659000,8087464.67112540,0
2018-07-07,83.10000000,85.35000000,79.40000000,84.79000000,161497.86946000,1531007999999,13194718.20534270,25320,99511.53292000,8132590.31447760,0
2018-07-08,84.88000000,85.70000000,81.81000000,82.22000000,151162.89899000,1531094399999,12714183.74926410,25706,97025.99916000,8161679.26877440,0
2018-07-09,82.26000000,83.12000000,79.80000000,80.46000000,164942.79095000,1531180799999,13486143.27980380,26646,103395.20391000,8457748.35244680,0
2018-07-10,80.58000000,80.62000000,74.25000000,75.81000000,211707.97169000,1531267199999,16301339.74451560,32786,122774.17699000,9458403.98881990,0
2018-07-11,75.79000000,80.98000000,75.31000000,78.18000000,192182.00671000,1531353599999,14878690.43793410,32131,115009.98237000,8908380.27900250,0
2018-07-12,78.18000000,78.25000000,74.00000000,76.79000000,181966.74235000,1531439999999,13812292.32794340,26488,112818.15087000,8570238.61271850,0
2018-07-13,76.82000000,78.60000000,74.96000000,76.53000000,167655.26932000,1531526399999,12912109.67543530,25186,108688.46520000,8376571.51399850,0
2018-07-14,76.52000000,77.50000000,75.37000000,76.18000000,142798.45441000,1531612799999,10889163.05622660,20093,90253.48157000,6884018.09299110,0
2018-07-15,76.19000000,79.50000000,75.10000000,78.54000000,149955.80081000,1531699199999,11604880.68028000,21757,94277.62174000,7301880.55529640,0
2018-07-16,78.54000000,84.28000000,77.60000000,83.49000000,182917.22074000,1531785599999,14849320.61637740,27446,113922.62535000,9244745.36798250,0
2018-07-17,83.65000000,90.00000000,81.30000000,89.06000000,204689.47756000,1531871999999,17424042.89576120,33429,120773.53440000,10244514.05676590,0
2018-07-18,88.99000000,94.41000000,84.20000000,86.21000000,207474.92801000,1531958399999,18644932.14568300,39821,112774.73749000,10138576.68137580,0
2018-07-19,86.26000000,89.00000000,84.80000000,86.00000000,154334.95177000,1532044799999,13363247.47905400,26115,91062.22812000,7887372.83287640,0
2018-07-20,86.10000000,86.69000000,80.72000000,81.87000000,172067.63126000,1532131199999,14427924.63247040,30362,96130.40943000,8063214.95080000,0
2018-07-21,81.84000000,84.93000000,79.50000000,83.44000000,134142.44869000,1532217599999,11093940.82470990,24424,85572.80716000,7079208.99176060,0
2018-07-22,83.42000000,84.20000000,81.78000000,82.21000000,137457.81650000,1532303999999,11406970.04758160,23618,82666.14281000,6860524.99818990,0
2018-07-23,82.20000000,85.96000000,81.10000000,81.38000000,143669.03549000,1532390399999,12017252.07036260,26538,84540.73270000,7070621.58731090,0
2018-07-24,81.43000000,89.79000000,80.79000000,89.12000000,207891.17573000,1532476799999,17982460.01462730,40138,121219.28763000,10474072.25028200,0
2018-07-25,89.02000000,90.75000000,84.81000000,86.38000000,164176.79921000,1532563199999,14305114.74847050,31838,96488.95547000,8408131.86318490,0
2018-07-26,86.38000000,87.90000000,82.75000000,83.37000000,151787.84520000,1532649599999,13102178.26557900,26709,91175.22873000,7873925.96279260,0
2018-07-27,83.51000000,85.12000000,81.37000000,84.39000000,158734.44422000,1532735999999,13246486.85087770,27141,95818.60392000,8001254.91785690,0
2018-07-28,84.39000000,84.70000000,82.26000000,84.07000000,124974.46990000,1532822399999,10466944.38856580,20855,75870.23510000,6356415.71173730,0
2018-07-29,84.10000000,85.38000000,83.22000000,83.85000000,119512.75440000,1532908799999,10028538.85659910,20222,80221.34046000,6731896.69705270,0
2018-07-30,83.89000000,84.62000000,79.76000000,82.18000000,146947.05011000,1532995199999,12152782.17328370,24268,87704.18730000,7259508.07033440,0
2018-07-31,82.16000000,82.63000000,76.02000000,78.69000000,157911.80410000,1533081599999,12489474.29610490,28441,92523.27508000,7332438.41886390,0
2018-08-01,78.91000000,79.06000000,75.78000000,77.53000000,139634.79769000,1533167999999,10805717.30922670,24719,84742.17880000,6561070.30201360,0
2018-08-02,77.62000000,78.46000000,75.33000000,76.11000000,134458.49970000,1533254399999,10335329.42334130,21776,84430.87050000,6491927.44201830,0
2018-08-03,76.16000000,77.84000000,74.66000000,77.70000000,141502.89870000,1533340799999,10755649.48946460,23106,83426.02032000,6338232.03806660,0
2018-08-04,77.63000000,78.15000000,72.10000000,73.13000000,148949.16457000,1533427199999,11228478.36916470,28619,88724.48852000,6705927.59979340,0
2018-08-05,73.06000000,74.73000000,72.23000000,74.61000000,133945.84351000,1533513599999,9870760.38358300,20065,80570.43849000,5939921.36191650,0
2018-08-06,74.60000000,76.70000000,72.35000000,73.62000000,137607.07273000,1533599999999,10218380.65263700,22980,83246.36748000,6184617.31019000,0
2018-08-07,73.67000000,75.24000000,66.58000000,67.35000000,164019.46827000,1533686399999,11907649.77059430,30383,100102.93498000,7285340.87850770,0
2018-08-08,67.32000000,67.49000000,60.80000000,62.13000000,185720.38797000,1533772799999,11974283.36830250,36626,104888.17557000,6760757.72165900,0
2018-08-09,62.13000000,64.94000000,60.00000000,62.89000000,179209.22762000,1533859199999,11263053.92212850,31918,104264.28235000,6555524.14174260,0
2018-08-10,62.84000000,63.14000000,58.12000000,59.16000000,181493.85537000,1533945599999,11133870.15282310,32750,101802.57227000,6251412.85111650,0
2018-08-11,59.16000000,59.98000000,55.00000000,57.60000000,195460.35141000,1534031999999,11141417.35583360,34792,109304.71291000,6229555.80327640,0
2018-08-12,57.73000000,61.55000000,57.02000000,59.32000000,173455.18347000,1534118399999,10331214.55823860,31616,102064.82786000,6078887.57681260,0
2018-08-13,59.21000000,60.61000000,55.52000000,56.44000000,192384.17619000,1534204799999,11164711.92471840,30972,107172.86552000,6228007.23242270,0
2018-08-14,56.50000000,56.50000000,49.20000000,54.24000000,230722.82945000,1534291199999,11992181.19698790,36658,129856.94605000,6743866.52558650,0
2018-08-15,54.26000000,59.20000000,53.70000000,54.32000000,232565.44512000,1534377599999,13029652.14637020,38860,123378.99211000,6909729.56400950,0
2018-08-16,54.32000000,57.58000000,54.06000000,55.29000000,153625.58485000,1534463999999,8558558.04363440,25903,90426.43326000,5037744.58181760,0
2018-08-17,55.32000000,61.89000000,54.99000000,61.75000000,230326.37031000,1534550399999,13405002.86518580,33707,127318.40887000,7399437.71076380,0
2018-08-18,61.79000000,62.31000000,55.12000000,57.04000000,205917.54266000,1534636799999,11969875.71587080,32663,113556.33634000,6597908.98118100,0
2018-08-19,57.04000000,58.98000000,56.10000000,57.67000000,183235.72610000,1534723199999,10508700.80366260,26191,105409.65596000,6045468.24699920,0
2018-08-20,57.79000000,58.50000000,53.18000000,53.39000000,220297.28735000,1534809599999,12325875.73814400,34559,118452.47920000,6639243.27325450,0
2018-08-21,53.39000000,56.82000000,53.21000000,56.42000000,176189.09409000,1534895999999,9710200.65761360,25758,101713.45351000,5607343.92214250,0
2018-08-22,56.43000000,59.75000000,53.82000000,55.14000000,243024.91246000,1534982399999,13791753.76162320,33625,134651.63597000,7639264.10294180,0
2018-08-23,55.15000000,57.89000000,54.80000000,57.29000000,168194.87364000,1535068799999,9382986.33474970,24402,99141.38543000,5532489.03406980,0
2018-08-24,57.30000000,58.36000000,55.50000000,57.82000000,162850.08326000,1535155199999,9285143.51881170,23996,99189.94434000,5654921.72943920,0
2018-08-25,57.88000000,58.38000000,56.93000000,57.89000000,141200.40986000,1535241599999,8154031.68191450,22117,90026.41772000,5199474.00360840,0
2018-08-26,57.88000000,58.08000000,55.74000000,56.99000000,149004.51461000,1535327999999,8456358.24342110,22088,88753.27897000,5038885.84985630,0
2018-08-27,57.05000000,61.17000000,56.52000000,60.61000000,173547.49618000,1535414399999,10042122.87986070,27840,106879.58670000,6181774.38148280,0
2018-08-28,60.69000000,63.74000000,59.65000000,63.13000000,213926.35247000,1535500799999,13093911.43227860,31477,119097.65111000,7287821.76349880,0
2018-08-29,63.12000000,63.40000000,60.14000000,61.41000000,185484.94761000,1535587199999,11486407.62116920,27827,106902.13355000,6622563.86037490,0
2018-08-30,61.52000000,61.65000000,58.55000000,60.23000000,179589.13646000,1535673599999,10761861.61662350,24637,101151.98010000,6063792.41151270,0
2018-08-31,60.13000000,62.75000000,59.55000000,62.04000000,176396.73591000,1535759999999,10744055.12533410,25363,106039.28772000,6458520.44822250,0
2018-09-01,62.04000000,67.93000000,61.97000000,66.49000000,210232.08113000,1535846399999,13646887.03248320,31806,120876.90680000,7842821.02910850,0
2018-09-02,66.45000000,67.30000000,64.15000000,66.21000000,180336.18966000,1535932799999,11838318.61651330,26181,100574.60467000,6605571.20604440,0
2018-09-03,66.21000000,66.55000000,64.21000000,65.44000000,162189.69577000,1536019199999,10569362.87864370,23176,95350.08101000,6212890.53200030,0
2018-09-04,65.50000000,69.45000000,65.36000000,67.60000000,220730.47010000,1536105599999,14960889.67718910,30974,123600.79046000,8376269.53505130,0
2018-09-05,67.63000000,68.36000000,57.61000000,57.82000000,331321.57394000,1536191999999,20765379.88833250,39918,169535.45520000,10656237.61762840,0
2018-09-06,57.71000000,57.89000000,53.96000000,57.61000000,251529.33699000,1536278399999,14014155.38678000,35383,132444.88562000,7381828.40938880,0
2018-09-07,57.61000000,58.53000000,55.00000000,55.66000000,193929.61889000,1536364799999,10983095.95406960,24283,109157.53664000,6187276.13027930,0
2018-09-08,55.63000000,57.22000000,51.87000000,53.07000000,187659.63017000,1536451199999,10323291.90596150,25339,106388.39570000,5861391.64073180,0
2018-09-09,53.09000000,56.72000000,52.20000000,54.74000000,208940.08803000,1536537599999,11413319.22662820,26757,119288.02104000,6506343.44134260,0
2018-09-10,54.79000000,56.59000000,53.03000000,54.34000000,226840.05414000,1536623999999,12366211.05965210,25005,127705.27630000,6962485.68892890,0
2018-09-11,54.34000000,54.75000000,49.74000000,52.04000000,239830.95074000,1536710399999,12670927.06079340,27815,131412.33953000,6945139.28322290,0
2018-09-12,52.01000000,52.14000000,47.21000000,51.69000000,276375.64336000,1536796799999,13756255.43517250,33227,146566.58756000,7307164.02000310,0
2018-09-13,51.69000000,55.49000000,51.66000000,54.44000000,232884.22924000,1536883199999,12514995.48231900,31920,129402.43134000,6950928.85117530,0
2018-09-14,54.49000000,59.00000000,52.83000000,56.24000000,279002.97525000,1536969599999,15505362.59904280,35117,150785.03859000,8370718.30578320,0
2018-09-15,56.21000000,58.73000000,55.61000000,56.22000000,236098.10118000,1537055999999,13554456.10744990,29668,132245.52842000,7597063.75509040,0
2018-09-16,56.22000000,57.55000000,54.35000000,56.75000000,193175.78497000,1537142399999,10857782.73593430,25939,113110.13340000,6360032.02091450,0
2018-09-17,56.75000000,57.85000000,51.37000000,52.07000000,256476.30399000,1537228799999,14029350.87016830,33189,140370.00097000,7693803.22288000,0
2018-09-18,52.06000000,55.52000000,50.41000000,53.96000000,224751.43030000,1537315199999,11874091.77862880,28317,125977.33983000,6657318.03673050,0
2018-09-19,53.93000000,55.28000000,51.62000000,54.27000000,228844.25202000,1537401599999,12289753.51873980,28999,127326.49047000,6844494.74704480,0
2018-09-20,54.33000000,57.42000000,53.28000000,56.53000000,194009.04757000,1537487999999,10587308.04724460,25789,113693.18813000,6201399.09666120,0
2018-09-21,56.52000000,62.73000000,56.33000000,60.83000000,323523.44211000,1537574399999,18976330.14384770,38341,170196.08446000,9982175.38874920,0
2018-09-22,60.82000000,61.90000000,58.00000000,60.65000000,210861.69481000,1537660799999,12631718.45698460,22825,114243.00562000,6839099.65122100,0
2018-09-23,60.58000000,63.82000000,59.86000000,61.38000000,244808.34389000,1537747199999,15089323.81473460,30583,129053.62288000,7955268.85967580,0
2018-09-24,61.36000000,61.56000000,57.02000000,58.01000000,231626.38896000,1537833599999,13624552.62265880,32015,124144.78552000,7309304.81688470,0
2018-09-25,58.03000000,58.16000000,54.25000000,57.61000000,279946.32153000,1537919999999,15753483.09131050,38270,149457.32724000,8422962.28417890,0
2018-09-26,57.57000000,59.85000000,56.40000000,57.18000000,226177.44005000,1538006399999,13066635.76111780,33400,122118.81863000,7052638.11585290,0
2018-09-27,57.25000000,65.67000000,56.58000000,63.28000000,496070.90060000,1538092799999,30665922.11488640,60691,255710.97143000,15788850.01134230,0
2018-09-28,63.25000000,65.00000000,60.14000000,61.95000000,306042.00886000,1538179199999,19128678.57693780,45382,155798.07286000,9733619.73635910,0
2018-09-29,61.95000000,62.34000000,58.95000000,61.61000000,206352.47293000,1538265599999,12577562.18077310,32303,109373.16449000,6671295.66123390,0
2018-09-30,61.61000000,63.00000000,59.81000000,61.21000000,224746.26092000,1538351999999,13734703.94174070,34061,126521.66757000,7733641.75116910,0
2018-10-01,61.19000000,62.09000000,59.51000000,60.45000000,189136.61486000,1538438399999,11484878.18297830,30170,94113.00047000,5721939.54954570,0
2018-10-02,60.47000000,61.80000000,59.02000000,59.46000000,190207.92017000,1538524799999,11489099.18948470,30810,98660.09755000,5960771.71673220,0
2018-10-03,59.42000000,59.66000000,56.67000000,57.56000000,199293.42312000,1538611199999,11515193.83738460,31990,108393.42642000,6264834.15280890,0
2018-10-04,57.60000000,59.40000000,57.39000000,58.42000000,164171.36993000,1538697599999,9643908.91329930,25674,96734.90389000,5683234.03990290,0
2018-10-05,58.43000000,59.85000000,57.65000000,58.93000000,152016.10897000,1538783999999,8865509.44486890,24513,94654.03054000,5520931.08177260,0
2018-10-06,58.88000000,59.17000000,56.92000000,57.96000000,146487.74108000,1538870399999,8512401.72908980,22714,89991.49742000,5232176.84372880,0
2018-10-07,57.98000000,58.64000000,56.88000000,58.33000000,137742.58904000,1538956799999,7971910.29586020,20596,87384.24588000,5057601.94341260,0
2018-10-08,58.32000000,60.26000000,57.63000000,59.66000000,178247.28353000,1539043199999,10499302.72739680,28219,102532.45105000,6040517.66462590,0
2018-10-09,59.65000000,59.84000000,58.29000000,59.03000000,156778.85225000,1539129599999,9264677.02820780,24224,90380.77098000,5341876.20639190,0
2018-10-10,59.02000000,59.18000000,57.37000000,58.46000000,156144.05481000,1539215999999,9074909.81973750,25310,94632.70761000,5501203.16396990,0
2018-10-11,58.43000000,58.66000000,50.62000000,51.36000000,269784.69405000,1539302399999,14307677.14930920,45082,139403.11723000,7381995.97400170,0
2018-10-12,51.31000000,54.26000000,50.87000000,53.74000000,204719.86413000,1539388799999,10863354.91315660,32504,117197.92559000,6220485.53385550,0
2018-10-13,53.70000000,54.88000000,53.20000000,54.05000000,162360.69862000,1539475199999,8771145.08182990,26521,97148.38441000,5249272.53311140,0
2018-10-14,54.06000000,54.44000000,52.11000000,52.61000000,173244.35474000,1539561599999,9306172.11474220,23382,95426.25227000,5129481.38258730,0
2018-10-15,52.61000000,61.86000000,52.17000000,56.16000000,380967.73216000,1539647999999,21747320.24757610,55710,200260.59021000,11424083.65286440,0
2018-10-16,56.15000000,57.34000000,54.71000000,55.54000000,178767.67022000,1539734399999,9988474.00040340,30371,96861.12637000,5413288.37242830,0
2018-10-17,55.54000000,55.72000000,54.32000000,55.27000000,189501.34735000,1539820799999,10451967.88900700,27111,98964.56651000,5460054.76219510,0
2018-10-18,55.31000000,55.85000000,53.00000000,53.53000000,163778.72064000,1539907199999,8907285.96365030,27830,90945.55549000,4947506.26596080,0
2018-10-19,53.53000000,54.74000000,53.31000000,53.71000000,131153.05917000,1539993599999,7061519.03662580,20309,71164.68923000,3832346.80472270,0
2018-10-20,53.68000000,54.65000000,53.28000000,54.28000000,134248.62479000,1540079999999,7246667.20037640,21756,83417.76195000,4503453.15721980,0
2018-10-21,54.27000000,54.90000000,53.44000000,53.61000000,139868.39748000,1540166399999,7580763.32974820,22779,83295.25583000,4515512.38193540,0
2018-10-22,53.62000000,54.16000000,52.67000000,53.12000000,113096.19471000,1540252799999,6044482.13088590,19979,58247.93632000,3114335.72101830,0
2018-10-23,53.12000000,53.97000000,52.53000000,53.33000000,56502.94760000,1540339199999,3006380.21842770,12357,29962.51541000,1594428.46868560,0
2018-10-24,53.34000000,53.92000000,53.00000000,53.11000000,50279.98528000,1540425599999,2684802.89341490,12265,27044.31856000,1444548.11410580,0
2018-10-25,53.12000000,53.27000000,52.52000000,52.84000000,43215.95472000,1540511999999,2287144.44175940,9598,23460.53626000,1241873.96516480,0
2018-10-26,52.81000000,53.55000000,52.23000000,52.56000000,49669.65386000,1540598399999,2623371.25151150,11080,25376.44490000,1340431.92848240,0
2018-10-27,52.60000000,53.08000000,51.72000000,52.25000000,39585.13085000,1540684799999,2075854.62615640,9146,21412.00680000,1123109.87419990,0
2018-10-28,52.25000000,52.66000000,51.70000000,52.07000000,35288.39702000,1540771199999,1838724.38624750,8456,19088.83167000,994949.31836120,0
2018-10-29,52.10000000,52.26000000,48.17000000,49.21000000,93056.55633000,1540857599999,4660386.86688850,19806,47821.35938000,2396073.50654720,0
2018-10-30,49.16000000,49.96000000,49.02000000,49.34000000,41869.78433000,1540943999999,2069910.69071360,11086,21860.99200000,1080708.18406330,0
2018-10-31,49.35000000,50.71000000,47.71000000,49.93000000,59069.93640000,1541030399999,2926931.18223100,12496,31063.45096000,1539184.12860730,0
2018-11-01,49.94000000,50.85000000,49.78000000,50.61000000,40743.54904000,1541116799999,2044481.62839270,10162,21060.10920000,1057032.52524200,0
2018-11-02,50.63000000,52.20000000,50.56000000,51.78000000,55439.54227000,1541203199999,2853112.58989380,11407,27964.32770000,1438359.04572430,0
2018-11-03,51.78000000,51.81000000,50.60000000,51.04000000,44526.44126000,1541289599999,2280110.50898470,9504,22824.42258000,1169133.78609270,0
2018-11-04,51.09000000,56.33000000,50.77000000,54.60000000,131563.21910000,1541375999999,7106100.75979700,23386,61894.31664000,3336900.14031160,0
2018-11-05,54.60000000,55.15000000,53.01000000,53.91000000,71425.68187000,1541462399999,3841003.07244310,15076,33906.22792000,1823284.79809600,0
2018-11-06,53.93000000,56.88000000,53.87000000,56.48000000,82733.19375000,1541548799999,4543573.24710190,17163,42073.91513000,2313022.89828100,0
2018-11-07,56.44000000,56.92000000,53.52000000,54.47000000,96697.10571000,1541635199999,5343582.69917280,17623,46334.37798000,2561402.87770230,0
2018-11-08,54.49000000,55.12000000,52.42000000,52.72000000,71785.25117000,1541721599999,3845880.29350370,14624,32760.60090000,1755879.42086650,0
2018-11-09,52.70000000,53.15000000,51.62000000,52.25000000,54807.00008000,1541807999999,2873957.53175370,10564,26681.60854000,1399332.71982070,0
2018-11-10,52.28000000,53.08000000,51.97000000,52.48000000,37947.99062000,1541894399999,1994759.26726520,7136,19365.02879000,1018138.95949370,0
2018-11-11,52.47000000,52.57000000,49.79000000,51.46000000,66550.49463000,1541980799999,3407022.15279000,10066,30973.25397000,1586843.05577250,0
2018-11-12,51.50000000,52.04000000,50.59000000,51.26000000,60038.96458000,1542067199999,3075503.92297930,10563,30924.31250000,1583593.98384640,0
2018-11-13,51.26000000,51.66000000,49.60000000,50.43000000,63966.88343000,1542153599999,3255168.87966400,12663,28231.79823000,1438970.29484020,0
2018-11-14,50.41000000,51.08000000,42.00000000,45.05000000,307943.67228000,1542239999999,13948978.89337110,47047,159454.26891000,7218249.99892790,0
2018-11-15,45.05000000,45.80000000,40.40000000,44.78000000,239147.14363000,1542326399999,10442471.62699760,40801,118684.97646000,5184945.23310670,0
2018-11-16,44.78000000,44.95000000,42.38000000,42.89000000,126959.93430000,1542412799999,5526205.67033310,17983,64564.19501000,2811605.99875620,0
2018-11-17,42.89000000,42.94000000,41.92000000,42.43000000,64923.26975000,1542499199999,2748488.28398430,9808,32504.79756000,1376633.43570990,0
2018-11-18,42.46000000,43.84000000,42.11000000,42.61000000,69727.51818000,1542585599999,2991350.22455960,9138,33728.91305000,1446812.19925500,0
2018-11-19,42.63000000,42.65000000,35.94000000,37.07000000,266627.81810000,1542671999999,10193547.65180180,35844,123526.87027000,4719414.30658820,0
2018-11-20,37.11000000,38.80000000,31.47000000,33.80000000,481972.20552000,1542758399999,16734732.40189690,60926,241095.49913000,8366123.33518820,0
2018-11-21,33.71000000,35.38000000,32.17000000,35.15000000,307689.28614000,1542844799999,10447986.72516290,40173,159717.36041000,5423319.38328070,0
2018-11-22,35.17000000,35.68000000,31.84000000,32.11000000,140470.92969000,1542931199999,4791952.84935140,18355,68181.20629000,2330391.76343280,0
2018-11-23,32.09000000,33.81000000,31.10000000,32.74000000,178263.37599000,1543017599999,5763152.70943530,23928,92170.51732000,2980609.03819260,0
2018-11-24,32.74000000,34.30000000,29.07000000,29.73000000,175080.65021000,1543103999999,5486899.36432010,25922,88812.48228000,2789089.61896410,0
2018-11-25,29.72000000,32.93000000,27.70000000,31.49000000,330712.41278000,1543190399999,9875455.02675420,45978,163397.17910000,4881469.07661810,0
2018-11-26,31.51000000,32.88000000,28.66000000,30.18000000,346086.77239000,1543276799999,10650119.32109000,46491,172784.06477000,5313776.26691280,0
2018-11-27,30.18000000,32.16000000,29.05000000,31.61000000,194024.53090000,1543363199999,5911546.98447890,29454,103674.22554000,3156633.25408490,0
2018-11-28,31.62000000,36.51000000,31.39000000,34.74000000,261988.56211000,1543449599999,8934592.45638420,37890,135011.83110000,4608682.48165740,0
2018-11-29,34.74000000,36.00000000,33.08000000,33.88000000,206424.03941000,1543535999999,7091338.88852290,28975,98462.69496000,3385188.61860740,0
2018-11-30,33.90000000,34.53000000,31.07000000,32.21000000,182324.55561000,1543622399999,5934596.39994760,26303,92067.86104000,2997736.41086770,0
2018-12-01,32.19000000,35.10000000,31.38000000,34.17000000,130601.17527000,1543708799999,4373049.65165370,21786,66289.85862000,2218790.96003780,0
2018-12-02,34.11000000,35.24000000,33.21000000,33.82000000,126562.51308000,1543795199999,4314174.84067250,18775,62365.13178000,2126949.48842260,0
2018-12-03,33.81000000,33.97000000,30.08000000,30.90000000,160953.47619000,1543881599999,5107201.11872420,21808,74594.98599000,2368164.93275240,0
2018-12-04,30.92000000,32.25000000,29.87000000,31.13000000,125624.10065000,1543967999999,3938334.44579550,19484,61158.30670000,1918338.21863610,0
2018-12-05,31.14000000,31.40000000,29.15000000,29.27000000,122536.95919000,1544054399999,3686632.36584050,17735,56625.24767000,1707222.00228250,0
2018-12-06,29.28000000,30.49000000,26.25000000,26.78000000,186020.52870000,1544140799999,5318278.71538860,29787,89819.94014000,2570821.45468970,0
2018-12-07,26.74000000,26.94000000,22.32000000,24.91000000,344334.77132000,1544227199999,8550497.22748680,51931,163134.99195000,4043718.80351680,0
2018-12-08,24.88000000,26.63000000,22.89000000,24.22000000,272026.24012000,1544313599999,6669827.45923070,43154,137997.60918000,3380771.33702550,0
2018-12-09,24.23000000,26.75000000,24.20000000,25.37000000,185392.27774000,1544399999999,4728009.30498240,26775,96740.92770000,2467552.21687380,0
2018-12-10,25.37000000,25.82000000,23.67000000,24.14000000,159523.33390000,1544486399999,3913245.95622690,22641,73029.39203000,1794384.57982920,0
2018-12-11,24.15000000,24.63000000,22.94000000,23.41000000,116912.31068000,1544572799999,2774102.48876620,17623,57929.69049000,1374038.69353450,0
2018-12-12,23.40000000,24.98000000,23.20000000,24.13000000,116697.01621000,1544659199999,2839522.32545740,16627,61541.90623000,1498441.74721900,0
2018-12-13,24.13000000,24.29000000,22.91000000,23.08000000,101343.24553000,1544745599999,2391795.15526090,14890,46488.11239000,1099587.11915810,0
2018-12-14,23.06000000,23.76000000,22.50000000,23.34000000,115451.19357000,1544831999999,2669993.89738500,15764,56011.21857000,1294619.01505540,0
2018-12-15,23.33000000,24.06000000,23.09000000,23.60000000,114346.73652000,1544918399999,2696112.20144150,15491,56692.62372000,1336715.65658350,0
2018-12-16,23.59000000,26.96000000,23.48000000,25.52000000,284638.36643000,1545004799999,7367653.61784380,34576,140928.16563000,3643391.07638970,0
2018-12-17,25.51000000,30.30000000,25.43000000,28.95000000,415677.55009000,1545091199999,11734862.35937040,49677,207799.58392000,5860139.60319890,0
2018-12-18,28.97000000,30.15000000,27.39000000,29.89000000,241540.21994000,1545177599999,6940548.10311600,32925,115762.91357000,3328730.31665170,0
2018-12-19,29.89000000,31.55000000,28.51000000,28.83000000,464104.88134000,1545263999999,13967868.69045620,50250,210692.73725000,6347497.21584870,0
2018-12-20,28.83000000,32.76000000,28.52000000,32.18000000,347428.50187000,1545350399999,10702281.66251230,46828,184132.38590000,5669129.57845240,0
2018-12-21,32.18000000,32.87000000,29.55000000,30.29000000,222927.66345000,1545436799999,6941800.33958460,32678,105793.71254000,3300252.89734120,0
2018-12-22,30.29000000,31.49000000,29.70000000,31.33000000,106033.33577000,1545523199999,3234572.76940720,17890,57366.88625000,1752843.56228250,0
2018-12-23,31.29000000,33.84000000,31.09000000,32.97000000,255561.72891000,1545609599999,8317118.22526610,31487,150274.11650000,4883351.57005290,0
2018-12-24,32.98000000,36.12000000,32.17000000,32.68000000,305504.74498000,1545695999999,10561724.76987910,42752,153251.42503000,5295104.64576560,0
2018-12-25,32.69000000,32.93000000,29.19000000,30.50000000,248993.55556000,1545782399999,7586691.27684080,38221,118674.09119000,3614228.76453830,0
2018-12-26,30.50000000,31.68000000,28.79000000,30.30000000,174048.04136000,1545868799999,5242464.48295480,27487,86449.00274000,2603628.03880430,0
2018-12-27,30.27000000,30.89000000,27.17000000,27.55000000,157817.22611000,1545955199999,4528463.30098900,22160,71273.11422000,2046913.31951840,0
2018-12-28,27.55000000,33.08000000,27.39000000,31.80000000,242123.89750000,1546041599999,7428412.82167190,32631,116826.56577000,3580572.68903760,0
2018-12-29,31.78000000,32.81000000,29.91000000,30.28000000,222196.85698000,1546127999999,6994333.20824030,34161,109239.82618000,3439532.80175930,0
2018-12-30,30.28000000,32.00000000,29.68000000,31.38000000,151572.93045000,1546214399999,4696122.03223280,25014,77475.78114000,2402701.18290140,0
2018-12-31,31.38000000,31.43000000,29.42000000,29.90000000,97446.11241000,1546300799999,2959940.34430410,16781,47577.74879000,1445104.00082230,0
2019-01-01,29.92000000,31.80000000,29.56000000,31.48000000,103182.73765000,1546387199999,3162741.44676640,15380,51536.47693000,1580225.49449650,0
2019-01-02,31.47000000,33.29000000,31.07000000,32.67000000,118306.23317000,1546473599999,3805773.11983660,19940,57712.88911000,1856254.40536600,0
2019-01-03,32.68000000,32.80000000,30.62000000,31.39000000,94129.85114000,1546559999999,2982980.22482250,15402,44255.99834000,1402726.43999040,0
2019-01-04,31.41000000,32.53000000,30.78000000,31.76000000,108636.82193000,1546646399999,3437486.38519840,17016,53812.09229000,1704444.69738570,0
2019-01-05,31.76000000,35.95000000,31.76000000,34.33000000,335581.55848000,1546732799999,11471296.96995480,46999,162070.27910000,5536072.44645500,0
2019-01-06,34.33000000,39.71000000,33.89000000,38.30000000,761396.10676000,1546819199999,28298586.90096350,82109,367592.50496000,13657746.56023980,0
2019-01-07,38.29000000,39.04000000,36.53000000,37.35000000,444975.92431000,1546905599999,16797767.65560640,51871,215312.84438000,8126842.76461420,0
2019-01-08,37.35000000,40.80000000,36.91000000,38.70000000,522510.17142000,1546991999999,20322945.33124970,56171,265768.71886000,10335736.23989650,0
2019-01-09,38.70000000,39.72000000,38.00000000,38.17000000,312030.13021000,1547078399999,12104357.44423120,36311,161018.18508000,6250240.88509860,0
2019-01-10,38.17000000,38.77000000,31.00000000,32.81000000,584622.45390000,1547164799999,19980421.46609000,66419,283539.60377000,9665526.77165980,0
2019-01-11,32.81000000,33.22000000,29.68000000,31.49000000,351182.38165000,1547251199999,11268415.51746470,45405,164016.25746000,5262239.57404660,0
2019-01-12,31.48000000,32.13000000,31.07000000,31.65000000,178476.28718000,1547337599999,5640569.24581510,25298,85982.15490000,2715970.32142170,0
2019-01-13,31.65000000,32.63000000,29.12000000,29.59000000,229264.11927000,1547423999999,7075842.07129840,29004,108286.15808000,3337666.10413130,0
2019-01-14,29.60000000,32.50000000,29.38000000,31.71000000,255282.35801000,1547510399999,7925720.27358230,28964,124636.60217000,3876580.40759010,0
2019-01-15,31.72000000,32.27000000,29.95000000,30.75000000,216841.86085000,1547596799999,6784015.42442660,29057,109085.19055000,3417494.35606690,0
2019-01-16,30.74000000,31.93000000,30.47000000,31.29000000,153939.59622000,1547683199999,4789334.14188240,21559,76981.80401000,2395766.91383330,0
2019-01-17,31.29000000,31.55000000,29.80000000,31.40000000,203218.00286000,1547769599999,6238519.89346980,25914,101306.91483000,3112108.20584740,0
2019-01-18,31.38000000,31.53000000,30.31000000,30.77000000,150711.34444000,1547855999999,4659547.38649970,18620,71433.46977000,2211556.15081590,0
2019-01-19,30.78000000,32.92000000,30.77000000,32.00000000,164989.63668000,1547942399999,5273505.54504300,21151,81583.84722000,2604779.94252840,0
2019-01-20,31.94000000,33.20000000,28.45000000,30.64000000,249450.00408000,1548028799999,7815412.73002170,29614,118376.33534000,3702514.22736390,0
2019-01-21,30.63000000,31.22000000,30.34000000,30.82000000,110305.75866000,1548115199999,3392716.05425850,15290,57897.38931000,1781488.51934310,0
2019-01-22,30.82000000,32.00000000,29.48000000,31.41000000,199887.16257000,1548201599999,6183272.80989070,23765,104259.51589000,3229177.09391010,0
2019-01-23,31.40000000,32.18000000,31.24000000,31.69000000,123577.27232000,1548287999999,3920165.80178950,15638,55969.58357000,1775217.96580340,0
2019-01-24,31.69000000,33.10000000,30.89000000,32.51000000,138812.16216000,1548374399999,4453091.29451430,16597,65904.78192000,2111888.69745780,0
2019-01-25,32.52000000,33.00000000,31.87000000,32.69000000,169242.53382000,1548460799999,5485967.92946380,18027,79804.31170000,2587125.36685900,0
2019-01-26,32.68000000,33.95000000,32.57000000,32.80000000,166677.42808000,1548547199999,5537195.88904350,20495,78798.19408000,2618744.95952930,0
2019-01-27,32.79000000,33.20000000,31.05000000,32.21000000,173697.81998000,1548633599999,5628213.32013420,21480,78035.93823000,2532572.93075870,0
2019-01-28,32.22000000,32.53000000,30.00000000,30.94000000,267887.62942000,1548719999999,8275485.97232470,30657,118041.16100000,3650598.09913170,0
2019-01-29,30.94000000,31.26000000,29.91000000,30.81000000,135879.85880000,1548806399999,4168438.65573580,17933,60670.88176000,1862431.77748670,0
2019-01-30,30.80000000,31.97000000,30.47000000,31.68000000,129114.99705000,1548892799999,4046024.37232040,15154,66041.95139000,2068683.62457730,0
2019-01-31,31.68000000,32.33000000,31.08000000,31.41000000,154708.17427000,1548979199999,4881672.95664930,17825,81796.99450000,2580248.99202980,0
2019-02-01,31.43000000,33.64000000,30.70000000,32.65000000,335544.96445000,1549065599999,10864529.58732720,28955,164337.34403000,5321610.98679040,0
2019-02-02,32.61000000,35.01000000,32.44000000,34.59000000,268052.52354000,1549151999999,8939273.97363600,27690,133427.23382000,4451498.84077120,0
2019-02-03,34.59000000,34.89000000,32.86000000,33.44000000,348406.73224000,1549238399999,11802330.61462590,32651,168185.05465000,5696095.04752790,0
2019-02-04,33.43000000,34.50000000,33.36000000,34.09000000,206649.66902000,1549324799999,7014206.26815020,20549,108962.09483000,3699076.37541220,0
2019-02-05,34.08000000,34.54000000,33.63000000,34.34000000,214319.34235000,1549411199999,7321284.88085970,19416,104569.87802000,3573067.09544490,0
2019-02-06,34.35000000,34.50000000,32.25000000,32.79000000,312456.54201000,1549497599999,10273847.96002260,30232,149431.38343000,4907408.38596950,0
2019-02-07,32.78000000,33.61000000,32.73000000,33.24000000,144528.08084000,1549583999999,4798854.81846260,14240,61439.70984000,2040173.09276070,0
2019-02-08,33.23000000,44.85000000,32.75000000,42.99000000,1237384.07012000,1549670399999,48819159.69348900,119267,616199.16873000,24347341.85081270,0
2019-02-09,42.99000000,46.95000000,42.05000000,44.68000000,993529.35851000,1549756799999,43845377.36174170,105794,506453.06114000,22384935.92801440,0
2019-02-10,44.68000000,47.59000000,42.00000000,46.79000000,667594.46229000,1549843199999,30084786.21813250,74650,329432.89923000,14843447.35696990,0
2019-02-11,46.80000000,46.87000000,41.81000000,42.90000000,570398.48991000,1549929599999,25000654.71538780,62358,281744.28623000,12346897.01709340,0
2019-02-12,42.88000000,44.57000000,41.84000000,43.89000000,326731.55801000,1550015999999,14181167.73240870,42437,166811.67841000,7247992.52516880,0
2019-02-13,43.89000000,44.66000000,40.64000000,41.61000000,333914.84326000,1550102399999,14169773.69903220,40220,154635.64726000,6572223.23962160,0
2019-02-14,41.61000000,42.45000000,40.31000000,41.26000000,285144.93739000,1550188799999,11825040.18611240,32595,137002.03137000,5682055.85047040,0
2019-02-15,41.26000000,44.60000000,41.06000000,42.58000000,389950.95213000,1550275199999,16519445.99204310,45476,186526.92591000,7905737.68825590,0
2019-02-16,42.60000000,44.37000000,42.28000000,43.34000000,326691.70793000,1550361599999,14225774.12086970,45174,163746.11257000,7132166.62698210,0
2019-02-17,43.34000000,45.13000000,42.60000000,43.91000000,331698.79603000,1550447999999,14459368.83819660,43221,164544.69037000,7171348.16198220,0
2019-02-18,43.89000000,49.03000000,43.62000000,47.84000000,744029.87121000,1550534399999,34349598.97582690,101066,377479.54248000,17422738.55639710,0
2019-02-19,47.81000000,49.10000000,46.56000000,47.14000000,404786.75784000,1550620799999,19350985.31717700,63504,194305.32904000,9291828.10746180,0
2019-02-20,47.16000000,52.21000000,46.25000000,51.50000000,566874.12073000,1550707199999,28402239.42200760,76226,282893.19253000,14165186.39051700,0
2019-02-21,51.47000000,51.65000000,47.35000000,48.94000000,383781.90032000,1550793599999,18972966.87018310,51554,193159.07734000,9550580.89681720,0
2019-02-22,48.93000000,49.97000000,48.08000000,49.19000000,265979.43489000,1550879999999,13079846.87882800,44082,126455.12527000,6221387.82846870,0
2019-02-23,49.22000000,51.88000000,48.00000000,51.40000000,411115.33830000,1550966399999,20597303.04311090,58429,219383.75505000,10998727.68159360,0
2019-02-24,51.39000000,53.53000000,42.37000000,43.75000000,685277.01608000,1551052799999,32440229.69630620,106805,318218.06400000,15093749.40972710,0
2019-02-25,43.74000000,46.85000000,43.00000000,45.40000000,377273.17275000,1551139199999,16992487.30528620,52802,183753.22647000,8281962.74217580,0
2019-02-26,45.40000000,45.89000000,44.06000000,44.76000000,220101.55494000,1551225599999,9886505.23144020,34598,103140.22623000,4633236.85797090,0
2019-02-27,44.77000000,45.53000000,42.51000000,45.16000000,223940.94505000,1551311999999,9964616.98743170,35702,108949.85575000,4849403.11347970,0
2019-02-28,45.15000000,46.70000000,44.44000000,45.61000000,258562.96779000,1551398399999,11834468.51228000,44293,125150.07475000,5729752.81206610,0
2019-03-01,45.62000000,48.95000000,45.53000000,47.05000000,336011.92294000,1551484799999,15914635.47864780,43768,169835.46105000,8045943.20751930,0
2019-03-02,47.02000000,49.40000000,46.38000000,48.49000000,325733.94735000,1551571199999,15618945.78134670,44047,156153.23173000,7487605.10039620,0
2019-03-03,48.51000000,49.10000000,47.18000000,47.86000000,218511.99396000,1551657599999,10525909.30670720,32498,102936.21304000,4957375.79922470,0
2019-03-04,47.87000000,48.22000000,44.57000000,45.78000000,306985.27977000,1551743999999,14131761.49706690,46799,154471.45959000,7115127.54366670,0
2019-03-05,45.78000000,54.25000000,45.38000000,52.52000000,798938.10368000,1551830399999,40660412.21798290,97248,407798.31246000,20745733.18751350,0
2019-03-06,52.52000000,56.81000000,51.11000000,55.37000000,670227.49403000,1551916799999,36366973.29044140,87405,318556.88437000,17287854.35569660,0
2019-03-07,55.37000000,59.12000000,53.77000000,56.73000000,816612.77049000,1552003199999,46227699.94242520,112401,398729.37463000,22559465.89381520,0
2019-03-08,56.73000000,57.60000000,54.30000000,55.61000000,440480.65904000,1552089599999,24793142.89182520,64625,216141.96493000,12169677.21714040,0
2019-03-09,55.58000000,59.83000000,55.38000000,57.78000000,413625.10436000,1552175999999,23841397.79421030,63729,208223.09239000,12008805.63267910,0
2019-03-10,57.78000000,58.04000000,55.84000000,56.59000000,198932.23727000,1552262399999,11276533.67543360,32011,95280.56865000,5402643.42836910,0
2019-03-11,56.63000000,57.37000000,54.00000000,54.82000000,319640.84363000,1552348799999,17619148.08064750,42495,150737.04254000,8313935.11118150,0
2019-03-12,54.82000000,56.96000000,53.72000000,56.58000000,186798.97334000,1552435199999,10473627.53209000,27280,90246.13287000,5059058.25888940,0
2019-03-13,56.60000000,56.84000000,54.30000000,55.29000000,234206.35923000,1552521599999,13044765.60898220,36076,118984.84557000,6625126.88415660,0
2019-03-14,55.29000000,58.20000000,51.66000000,55.94000000,333686.39631000,1552607999999,18559101.37387510,47416,158333.91248000,8813036.22277470,0
2019-03-15,55.94000000,59.15000000,55.94000000,58.52000000,295307.77677000,1552694399999,17013433.63841850,48437,149301.48041000,8604524.46794160,0
2019-03-16,58.52000000,61.97000000,58.41000000,61.21000000,375314.79266000,1552780799999,22846386.02822990,63954,195783.08564000,11919316.80634710,0
2019-03-17,61.22000000,61.32000000,59.57000000,60.47000000,174833.31913000,1552867199999,10590199.96083410,30357,88323.65579000,5352171.77160820,0
2019-03-18,60.47000000,62.63000000,58.20000000,59.17000000,301146.21398000,1552953599999,18071146.49054420,48690,140328.42987000,8419402.09645850,0
2019-03-19,59.20000000,59.96000000,58.33000000,59.52000000,221995.59833000,1553039999999,13162394.43799920,36544,106922.96885000,6336043.16203410,0
2019-03-20,59.50000000,60.74000000,56.64000000,60.27000000,285413.79340000,1553126399999,16953291.84333740,45568,134531.59382000,7991466.51767260,0
2019-03-21,60.29000000,60.64000000,56.98000000,58.54000000,164946.60535000,1553212799999,9725257.74001200,31887,75816.05629000,4471807.84062420,0
2019-03-22,58.54000000,59.60000000,58.00000000,59.26000000,184427.33587000,1553299199999,10869615.67383160,28585,91280.48228000,5383641.31527350,0
2019-03-23,59.23000000,61.76000000,58.93000000,60.89000000,372961.54781000,1553385599999,22578010.56702850,52611,187971.53114000,11388856.04626880,0
2019-03-24,60.88000000,60.90000000,58.84000000,59.82000000,360926.15706000,1553471999999,21566309.63759680,43053,175923.18621000,10521780.90139280,0
2019-03-25,59.81000000,60.70000000,58.20000000,59.04000000,216703.66968000,1553558399999,12846830.32326890,38851,104389.95412000,6189637.22362980,0
2019-03-26,59.06000000,59.35000000,57.23000000,58.79000000,175752.00925000,1553644799999,10247903.10061700,30826,83545.56948000,4872373.97650040,0
2019-03-27,58.81000000,61.87000000,58.58000000,61.44000000,260971.73061000,1553731199999,15803472.94529960,44571,138708.57809000,8397793.35341620,0
2019-03-28,61.43000000,61.43000000,60.15000000,60.50000000,160785.54618000,1553817599999,9744151.84730390,26214,82456.29025000,4997445.11068710,0
2019-03-29,60.48000000,61.80000000,60.15000000,61.45000000,200422.34535000,1553903999999,12200871.33726110,34196,96243.63782000,5860672.08061760,0
2019-03-30,61.41000000,61.56000000,59.59000000,60.45000000,161304.26128000,1553990399999,9780439.50021680,28519,77122.21652000,4676832.27488010,0
2019-03-31,60.45000000,60.72000000,59.83000000,60.48000000,120015.86005000,1554076799999,7234304.25046010,21554,62782.99821000,3783380.62864310,0
2019-04-01,60.47000000,60.90000000,59.62000000,60.45000000,129238.66121000,1554163199999,7810478.44484460,23841,59153.85338000,3575846.57548590,0
2019-04-02,60.45000000,78.40000000,59.95000000,76.78000000,805505.16575000,1554249599999,55327330.19158080,141343,411602.70444000,28200017.79780040,0
2019-04-03,76.76000000,98.50000000,76.24000000,85.19000000,1514710.29313000,1554335999999,130062156.10770330,245574,747008.54718000,64280765.23088990,0
2019-04-04,85.02000000,89.85000000,79.85000000,84.70000000,775702.67217000,1554422399999,66127061.91915730,138439,365551.83524000,31168029.72959760,0
2019-04-05,84.71000000,89.85000000,83.65000000,88.24000000,366668.99563000,1554508799999,31984491.37588270,78405,182481.03341000,15919030.14397070,0
2019-04-06,88.24000000,97.54000000,85.00000000,92.21000000,706789.23459000,1554595199999,65322880.09058880,117115,354151.19782000,32763173.90305710,0
2019-04-07,92.23000000,95.44000000,88.74000000,91.55000000,404878.13429000,1554681599999,37409101.15542740,91011,205131.48767000,18971539.91864670,0
2019-04-08,91.55000000,94.00000000,85.20000000,88.57000000,439909.33843000,1554767999999,39092277.74887870,93697,219502.44171000,19508311.83062770,0
2019-04-09,88.57000000,88.71000000,82.61000000,86.17000000,317748.78519000,1554854399999,27340412.18294000,71074,156388.49826000,13463146.31097840,0
2019-04-10,86.19000000,91.10000000,85.91000000,88.16000000,315727.23676000,1554940799999,27802373.27370360,64232,154284.84977000,13591652.55467970,0
2019-04-11,88.16000000,88.45000000,74.64000000,78.88000000,663804.98498000,1555027199999,52734752.57006920,117159,305166.25954000,24272010.97919830,0
2019-04-12,78.90000000,80.43000000,75.00000000,78.47000000,351092.11924000,1555113599999,27388660.72584040,61573,171596.78296000,13390968.20090920,0
2019-04-13,78.43000000,81.02000000,75.51000000,77.62000000,276710.71090000,1555199999999,21674683.21264710,45563,144499.91449000,11334152.16743000,0
2019-04-14,77.58000000,83.60000000,76.09000000,83.28000000,242418.41303000,1555286399999,19179352.73482300,45159,127125.87207000,10063784.14661050,0
2019-04-15,83.31000000,84.41000000,75.00000000,78.07000000,437925.65449000,1555372799999,35039724.53579550,76889,202671.65935000,16225178.27896270,0
2019-04-16,78.06000000,81.49000000,76.88000000,80.27000000,295134.17728000,1555459199999,23370026.86099580,51337,141735.29608000,11218676.35711670,0
2019-04-17,80.27000000,81.50000000,78.00000000,78.77000000,232336.81062000,1555545599999,18452843.59235190,44802,109070.09851000,8670541.56220950,0
2019-04-18,78.82000000,83.66000000,78.74000000,81.68000000,328509.77037000,1555631999999,26614059.48594040,56768,163840.29715000,13262116.44152860,0
2019-04-19,81.67000000,83.17000000,79.48000000,82.05000000,265365.49383000,1555718399999,21606124.75092760,51033,127071.06453000,10353232.70672830,0
2019-04-20,82.05000000,82.69000000,79.33000000,81.15000000,209481.54759000,1555804799999,17009020.00947660,39086,99014.43989000,8043147.75304210,0
2019-04-21,81.16000000,81.85000000,72.86000000,76.65000000,405449.35652000,1555891199999,30882393.82022870,70164,190995.51161000,14561044.18991210,0
2019-04-22,76.61000000,77.63000000,74.90000000,76.51000000,285737.83886000,1555977599999,21814764.74618960,47107,141157.07921000,10779217.60541090,0
2019-04-23,76.47000000,79.29000000,73.33000000,73.70000000,408341.22655000,1556063999999,31534100.58816700,66747,185305.06841000,14313620.42180990,0
2019-04-24,73.67000000,74.69000000,69.90000000,72.85000000,466422.90922000,1556150399999,33586009.25163220,85563,226169.51530000,16283101.07691720,0
2019-04-25,72.85000000,74.43000000,70.60000000,71.78000000,307408.70386000,1556236799999,22353656.72172450,60462,148949.94134000,10849310.31759050,0
2019-04-26,71.79000000,76.50000000,70.31000000,73.82000000,345014.87676000,1556323199999,25320328.54804870,67301,161272.91773000,11836751.52890190,0
2019-04-27,73.83000000,74.01000000,71.83000000,72.23000000,102336.98217000,1556409599999,7467848.37627950,23348,51121.63630000,3731953.86373210,0
2019-04-28,72.24000000,72.72000000,68.95000000,69.89000000,218635.58959000,1556495999999,15458571.17837970,42004,97737.32911000,6912387.94357260,0
2019-04-29,69.89000000,70.37000000,66.50000000,67.87000000,203603.18601000,1556582399999,13896456.96629640,42178,97977.43733000,6687925.23453720,0
2019-04-30,67.86000000,74.74000000,67.86000000,74.32000000,354469.13538000,1556668799999,25357609.00033270,67909,169480.07453000,12119560.92279910,0
2019-05-01,74.31000000,75.36000000,71.78000000,73.36000000,273831.04765000,1556755199999,20098972.49660650,51667,134259.52104000,9855297.45147780,0
2019-05-02,73.35000000,74.42000000,72.73000000,73.68000000,289626.45366000,1556841599999,21306943.79934290,45010,143132.60045000,10531548.03860210,0
2019-05-03,73.65000000,80.58000000,73.31000000,79.22000000,538448.40523000,1556927999999,41683556.41176550,89287,271413.67144000,20995944.75721120,0
2019-05-04,79.26000000,82.76000000,74.54000000,77.77000000,457004.01484000,1557014399999,35750061.71164490,86740,218165.80901000,17075133.94215690,0
2019-05-05,77.73000000,78.16000000,75.40000000,75.70000000,236821.31245000,1557100799999,18139200.76392190,43794,114574.58328000,8776968.78033190,0
2019-05-06,75.70000000,76.91000000,71.64000000,74.94000000,389445.48037000,1557187199999,28863797.88698940,67449,190359.56709000,14110629.00830110,0
2019-05-07,74.95000000,78.75000000,73.40000000,74.61000000,357677.92795000,1557273599999,27275279.86496690,60743,169577.72981000,12932955.38892440,0
2019-05-08,74.59000000,75.50000000,72.40000000,74.44000000,206081.78548000,1557359999999,15267753.65786150,38174,111398.59304000,8256150.33659710,0
2019-05-09,74.44000000,75.90000000,72.77000000,74.19000000,240477.43667000,1557446399999,17829294.35699580,41259,113330.69368000,8408553.86217470,0
2019-05-10,74.18000000,79.61000000,72.66000000,77.11000000,422915.92520000,1557532799999,32199715.13523610,73980,206712.67268000,15731128.88155990,0
2019-05-11,77.12000000,95.00000000,76.85000000,86.59000000,909602.12694000,1557619199999,78091222.10826420,165749,456879.65086000,39267190.10756100,0
2019-05-12,86.59000000,94.01000000,83.00000000,84.73000000,797262.85973000,1557705599999,69998434.01864000,152745,391823.64024000,34424205.27672860,0
2019-05-13,84.71000000,92.49000000,84.10000000,87.16000000,627311.35573000,1557791999999,55391993.13490800,118246,313865.00163000,27726658.95630820,0
2019-05-14,87.34000000,93.61000000,86.50000000,91.17000000,644139.06467000,1557878399999,58186818.85956100,133780,327743.19171000,29605865.26015830,0
2019-05-15,91.15000000,104.25000000,89.69000000,102.02000000,673429.92612000,1557964799999,66429508.17885310,118893,343735.00473000,33955921.77142530,0
2019-05-16,102.03000000,107.14000000,90.73000000,95.49000000,1179885.10784000,1558051199999,116020063.77730530,216806,581676.20783000,57253437.10488060,0
2019-05-17,95.49000000,97.48000000,84.27000000,89.76000000,914179.22548000,1558137599999,80856683.96118460,173746,451755.77246000,39944114.27499910,0
2019-05-18,89.76000000,90.51000000,85.11000000,86.51000000,380542.14297000,1558223999999,33352370.45001540,72853,185142.89881000,16223775.44938040,0
2019-05-19,86.55000000,96.81000000,86.07000000,94.58000000,584649.51759000,1558310399999,54045051.62284480,124411,299930.39452000,27720300.13286560,0
2019-05-20,94.55000000,94.58000000,87.11000000,91.10000000,447735.71615000,1558396799999,40656121.44108440,92452,214314.52426000,19458287.90925840,0
2019-05-21,91.10000000,93.02000000,88.83000000,90.79000000,335538.23309000,1558483199999,30483197.12555050,76133,166509.04586000,15142818.95205190,0
2019-05-22,90.77000000,92.04000000,85.83000000,87.74000000,308520.29109000,1558569599999,27641752.04567850,71246,148085.69514000,13275098.56701800,0
2019-05-23,87.74000000,89.53000000,84.62000000,88.61000000,208332.29525000,1558655999999,18146600.07150800,52443,102211.28835000,8910858.16967720,0
2019-05-24,88.67000000,103.77000000,88.01000000,100.50000000,832985.16125000,1558742399999,81794059.98388690,153722,391760.02122000,38438991.26966870,0
2019-05-25,100.50000000,105.07000000,98.87000000,102.66000000,519802.98950000,1558828799999,53062963.82607950,108307,253094.46614000,25848981.32373300,0
2019-05-26,102.66000000,114.00000000,97.50000000,111.00000000,658431.91144000,1558915199999,68920626.42379780,108458,333993.90346000,34926749.45640240,0
2019-05-27,111.03000000,121.89000000,109.94000000,116.30000000,873684.89847000,1559001599999,99764291.84593240,180148,437578.19464000,50006159.44685080,0
2019-05-28,116.41000000,118.22000000,111.08000000,114.81000000,399902.25403000,1559087999999,45797915.30055020,94634,196539.85503000,22515969.68184350,0
2019-05-29,114.87000000,118.33000000,108.00000000,115.06000000,359489.09796000,1559174399999,41060611.96416290,89315,177553.78524000,20299071.46844150,0
2019-05-30,115.03000000,120.35000000,102.40000000,107.78000000,708618.82450000,1559260799999,80058167.99641620,155541,346496.20359000,39177482.66115430,0
2019-05-31,107.78000000,114.93000000,104.55000000,114.60000000,487341.72799000,1559347199999,53042097.01341480,107379,241752.73664000,26321404.74858960,0
2019-06-01,114.65000000,116.28000000,110.51000000,112.35000000,318759.84041000,1559433599999,36157772.31315580,78931,153150.17318000,17378167.49150190,0
2019-06-02,112.34000000,116.48000000,111.25000000,114.39000000,234192.23299000,1559519999999,26740364.19675090,60092,115705.39177000,13217197.98660630,0
2019-06-03,114.44000000,116.20000000,105.01000000,105.99000000,441610.78458000,1559606399999,49245349.19787980,106765,215619.70167000,24063491.72961880,0
2019-06-04,105.94000000,106.80000000,98.13000000,102.20000000,673951.14145000,1559692799999,69303243.31292260,155623,309097.21989000,31825948.39176010,0
2019-06-05,102.20000000,105.21000000,100.11000000,103.66000000,379894.44483000,1559779199999,39022877.25634260,92113,192896.37846000,19812647.14504370,0
2019-06-06,103.61000000,112.07000000,101.00000000,111.19000000,488905.21588000,1559865599999,51485265.63010710,114700,232105.10190000,24472903.12321840,0
2019-06-07,111.25000000,121.00000000,109.53000000,116.71000000,619792.48983000,1559951999999,71559713.25849650,138367,305915.16346000,35298761.76741290,0
2019-06-08,116.74000000,119.70000000,113.50000000,118.01000000,454621.75369000,1560038399999,52877380.63993230,103950,218478.89399000,25412400.44012850,0
2019-06-09,118.01000000,118.94000000,111.02000000,114.66000000,425246.36749000,1560124799999,48979996.55927270,90755,207331.66954000,23897592.96459980,0
2019-06-10,114.66000000,130.12000000,112.54000000,129.15000000,793211.22328000,1560211199999,97867984.48816240,157911,387162.67682000,47743427.99633260,0
2019-06-11,129.19000000,138.56000000,124.85000000,135.69000000,836034.97354000,1560297599999,109260631.02978760,148961,435000.07386000,56834358.31854480,0
2019-06-12,135.79000000,143.19000000,129.86000000,135.32000000,1015972.92864000,1560383999999,139662839.62255230,202561,502452.55638000,69124119.27856210,0
2019-06-13,135.32000000,136.52000000,127.92000000,130.55000000,477007.30523000,1560470399999,63425735.66279660,119989,226672.37282000,30171007.83056170,0
2019-06-14,130.55000000,133.03000000,125.22000000,132.00000000,460272.62793000,1560556799999,59616359.31317880,120361,223729.21609000,28993326.67530510,0
2019-06-15,132.03000000,139.50000000,132.01000000,137.54000000,389908.37623000,1560643199999,52916731.48070580,107462,192563.73363000,26133416.16229460,0
2019-06-16,137.51000000,138.20000000,133.15000000,136.45000000,392560.10493000,1560729599999,53270945.59997630,116120,192556.08617000,26136803.76457900,0
2019-06-17,136.42000000,136.82000000,131.53000000,133.80000000,302485.50097000,1560815999999,40632294.86051250,90741,150191.63554000,20183997.04591530,0
2019-06-18,133.80000000,136.84000000,128.00000000,135.22000000,400995.83149000,1560902399999,53298085.82618380,114467,190438.10692000,25338680.98442180,0
2019-06-19,135.25000000,139.50000000,133.50000000,136.43000000,373850.88301000,1560988799999,51215678.89469640,99736,186717.69849000,25579621.43459270,0
2019-06-20,136.41000000,136.75000000,133.00000000,135.46000000,236819.61409000,1561075199999,31945265.26654450,69081,108017.52323000,14574715.89807510,0
2019-06-21,135.45000000,141.29000000,131.00000000,138.28000000,392390.97750000,1561161599999,53951692.11297570,99000,192226.37214000,26443834.84995970,0
2019-06-22,138.30000000,145.90000000,136.01000000,142.26000000,670112.19411000,1561247999999,94685540.90705310,165043,337544.99313000,47686831.84215790,0
2019-06-23,142.20000000,143.34000000,136.15000000,137.50000000,273142.66174000,1561334399999,38332851.55969660,81723,122043.83502000,17141002.29057150,0
2019-06-24,137.50000000,137.52000000,132.65000000,135.77000000,269137.08964000,1561420799999,36393377.84436670,74142,120097.45949000,16246664.23516410,0
2019-06-25,135.78000000,138.63000000,129.75000000,136.33000000,343042.31826000,1561507199999,46185009.29968860,87876,156261.35468000,21056243.02235630,0
2019-06-26,136.32000000,138.50000000,127.50000000,132.25000000,659208.45477000,1561593599999,88988518.12489370,169090,317706.08712000,42929900.07712310,0
2019-06-27,132.24000000,133.50000000,111.82000000,116.01000000,932158.03694000,1561679999999,111595940.15189930,219223,440884.01360000,52740461.57515200,0
2019-06-28,116.02000000,122.19000000,114.49000000,120.01000000,455587.96464000,1561766399999,53924815.98270160,123207,235372.79680000,27874719.52236160,0
2019-06-29,119.99000000,137.00000000,116.00000000,133.86000000,650966.52780000,1561852799999,82947506.01300420,156524,324322.78576000,41450400.48403440,0
2019-06-30,133.88000000,137.44000000,120.54000000,123.25000000,808645.44775000,1561939199999,105468144.56794230,183220,385642.98272000,50288647.50450680,0
2019-07-01,123.22000000,127.03000000,113.82000000,123.17000000,612063.25919000,1562025599999,74028859.43775410,152030,298530.68020000,36129144.69956310,0
2019-07-02,123.16000000,124.00000000,112.63000000,118.77000000,469582.08700000,1562111999999,55049525.43802600,130201,227631.73125000,26688912.41168680,0
2019-07-03,118.74000000,123.15000000,116.78000000,121.36000000,365008.06750000,1562198399999,43803309.44035070,95227,193273.11973000,23197298.66950840,0
2019-07-04,121.34000000,127.03000000,118.51000000,119.61000000,375062.74273000,1562284799999,45922151.57521160,103018,177950.47300000,21793126.07053640,0
2019-07-05,119.64000000,120.99000000,116.22000000,118.35000000,223608.71264000,1562371199999,26574015.85328250,70527,108519.34133000,12902519.20180560,0
2019-07-06,118.29000000,121.80000000,117.06000000,118.31000000,153816.69797000,1562457599999,18323759.27072920,54124,77407.08868000,9224823.25750570,0
2019-07-07,118.28000000,120.35000000,117.00000000,119.48000000,142378.61429000,1562543999999,16885095.36453700,45147,71679.55472000,8504274.07461680,0
2019-07-08,119.48000000,125.07000000,117.77000000,122.92000000,219116.92194000,1562630399999,26320498.86380130,66939,112769.55649000,13555212.33597430,0
2019-07-09,122.92000000,124.08000000,117.64000000,119.24000000,233440.12041000,1562716799999,28157784.58157750,73699,114453.38063000,13819088.87154890,0
2019-07-10,119.23000000,120.13000000,102.50000000,108.31000000,507821.30862000,1562803199999,55824246.25992590,141526,237956.00467000,26236710.45350080,0
2019-07-11,108.29000000,108.33000000,95.21000000,102.98000000,566917.40666000,1562889599999,57565136.85192580,147490,272341.50291000,27641547.25887070,0
2019-07-12,103.00000000,107.02000000,100.65000000,104.86000000,204977.52431000,1562975999999,21385292.18459310,67913,101295.36479000,10571090.35255040,0
2019-07-13,104.86000000,105.03000000,97.64000000,101.03000000,229252.96129000,1563062399999,23255998.90768150,67648,108154.71038000,10973329.08629400,0
2019-07-14,101.06000000,101.90000000,87.58000000,89.66000000,429594.96949000,1563148799999,39918729.82737220,116783,200859.40297000,18674678.64606350,0
2019-07-15,89.67000000,92.99000000,84.60000000,90.43000000,382169.24803000,1563235199999,34028842.91727860,99683,191505.83289000,17063688.07869620,0
2019-07-16,90.43000000,91.91000000,76.60000000,79.61000000,483565.93207000,1563321599999,40186396.03679700,110254,234120.79307000,19469569.98376420,0
2019-07-17,79.62000000,94.65000000,71.00000000,89.95000000,611125.08258000,1563407999999,53125198.93146490,146125,301612.75283000,26216159.51647740,0
2019-07-18,89.98000000,104.50000000,86.87000000,101.16000000,609872.10131000,1563494399999,58346175.13646440,160015,298064.71391000,28542647.98288820,0
2019-07-19,101.15000000,101.26000000,94.73000000,98.23000000,366646.23978000,1563580799999,35784995.41903190,106138,181026.60455000,17661022.29776900,0
2019-07-20,98.25000000,105.88000000,97.42000000,100.25000000,355926.02335000,1563667199999,35977421.60475050,94907,174064.05685000,17605172.94118330,0
2019-07-21,100.26000000,101.41000000,96.40000000,99.70000000,247121.43139000,1563753599999,24377591.97044200,66584,120557.40788000,11893502.72933900,0
2019-07-22,99.74000000,100.91000000,91.14000000,95.31000000,318533.96014000,1563839999999,30372489.13008810,77446,156837.63791000,14968635.22023720,0
2019-07-23,95.31000000,95.35000000,88.62000000,90.15000000,264516.21574000,1563926399999,24185689.34956970,61781,122921.20980000,11243042.47841820,0
2019-07-24,90.10000000,97.45000000,86.80000000,94.50000000,355813.08830000,1564012799999,32641378.14389920,87875,175736.44964000,16126265.55947710,0
2019-07-25,94.43000000,96.67000000,91.06000000,93.22000000,228403.48379000,1564099199999,21524096.42445040,61303,110502.72397000,10420193.10327580,0
2019-07-26,93.23000000,94.52000000,89.83000000,94.06000000,169220.32033000,1564185599999,15659054.23478000,50593,83735.03489000,7750956.89638410,0
2019-07-27,94.01000000,96.09000000,86.67000000,88.79000000,250915.24992000,1564271999999,22687995.28727450,66974,118255.70891000,10701566.30207720,0
2019-07-28,88.83000000,90.90000000,83.13000000,90.00000000,201075.77208000,1564358399999,17720374.42624340,53876,99978.83076000,8815458.25343300,0
2019-07-29,90.00000000,92.26000000,87.48000000,90.33000000,233655.44074000,1564444799999,21072179.11183120,56594,111047.71221000,10017550.11289220,0
2019-07-30,90.33000000,92.71000000,88.50000000,90.15000000,166817.93325000,1564531199999,15087913.97248640,49848,86860.25708000,7863279.69370560,0
2019-07-31,90.12000000,99.95000000,89.81000000,98.76000000,280442.01907000,1564617599999,26802062.26231170,75356,146817.10337000,14025360.89102990,0
2019-08-01,98.77000000,100.59000000,95.23000000,98.64000000,256621.80027000,1564703999999,25131509.02146230,78012,123530.24126000,12103235.85357950,0
2019-08-02,98.62000000,98.77000000,92.52000000,94.76000000,284902.02673000,1564790399999,27331986.48127260,60048,131741.04118000,12636328.14554050,0
2019-08-03,94.80000000,96.70000000,93.51000000,94.17000000,187442.26636000,1564876799999,17836682.37128240,41114,88229.67053000,8397469.42207960,0
2019-08-04,94.15000000,94.80000000,90.11000000,92.64000000,210063.34433000,1564963199999,19411525.58769720,42921,99555.86872000,9206783.04416010,0
2019-08-05,92.68000000,106.77000000,92.68000000,96.56000000,708024.73305000,1565049599999,70031157.19047870,126143,350655.67382000,34695081.51805770,0
2019-08-06,96.56000000,99.32000000,91.00000000,92.99000000,370218.49667000,1565135999999,35230611.39426310,62210,172218.07318000,16399880.14418820,0
2019-08-07,93.05000000,94.45000000,87.36000000,90.59000000,298275.75612000,1565222399999,27205898.73771710,57993,140489.40457000,12817965.97668530,0
2019-08-08,90.59000000,92.75000000,87.72000000,90.15000000,227275.85013000,1565308799999,20426334.73657000,42371,111242.14856000,10004292.62922860,0
2019-08-09,90.08000000,90.45000000,82.64000000,84.24000000,245919.98030000,1565395199999,21161127.88387080,46855,108893.80830000,9363799.41119100,0
2019-08-10,84.25000000,87.50000000,82.27000000,85.46000000,243663.59097000,1565481599999,20738077.43754040,49150,121326.35216000,10333423.54159560,0
2019-08-11,85.46000000,91.57000000,85.15000000,89.93000000,196951.40228000,1565567999999,17439833.99414930,41822,106990.64846000,9481039.90118330,0
2019-08-12,89.99000000,90.04000000,85.45000000,85.79000000,147573.87933000,1565654399999,12841667.21054310,31951,63872.45481000,5561557.26582430,0
2019-08-13,85.79000000,86.79000000,83.26000000,84.88000000,166783.80957000,1565740799999,14166418.15968390,36795,77429.91494000,6581990.95252090,0
2019-08-14,84.83000000,86.32000000,75.00000000,75.90000000,310895.41050000,1565827199999,24988277.12776420,59296,139720.51572000,11235624.19391640,0
2019-08-15,75.91000000,77.70000000,74.36000000,76.25000000,157703.32106000,1565913599999,12030480.75201280,29531,75757.73549000,5778622.92045130,0
2019-08-16,76.24000000,76.42000000,72.34000000,74.67000000,186709.02728000,1565999999999,13900659.41927080,39265,87609.26700000,6524683.03745940,0
2019-08-17,74.63000000,75.35000000,71.50000000,72.65000000,131039.84431000,1566086399999,9606659.80058140,31749,55002.09420000,4031927.36658790,0
2019-08-18,72.64000000,78.00000000,71.40000000,76.25000000,171800.85253000,1566172799999,12945827.78055910,35975,84422.92363000,6362866.44286250,0
2019-08-19,76.31000000,78.95000000,75.36000000,77.10000000,176507.93997000,1566259199999,13616902.89045940,33149,90657.14491000,6995749.13599000,0
2019-08-20,77.10000000,77.30000000,73.31000000,75.14000000,130580.76909000,1566345599999,9832675.85149330,30674,60659.68543000,4569479.07873090,0
2019-08-21,75.13000000,75.33000000,70.14000000,73.27000000,188740.48706000,1566431999999,13704139.35669250,41821,90326.32737000,6557178.37385420,0
2019-08-22,73.18000000,74.64000000,71.00000000,73.31000000,159575.08558000,1566518399999,11682713.55549930,44580,79682.44549000,5834202.62041750,0
2019-08-23,73.38000000,75.92000000,72.10000000,75.38000000,138535.90048000,1566604799999,10276202.44425590,37713,70757.63489000,5252959.85610010,0
2019-08-24,75.37000000,75.65000000,71.39000000,73.32000000,119841.86721000,1566691199999,8767152.95374430,28915,54964.74371000,4023023.72448030,0
2019-08-25,73.32000000,74.93000000,70.56000000,72.10000000,143368.07877000,1566777599999,10408156.40948000,34208,67675.19894000,4921346.65698600,0
2019-08-26,72.12000000,75.46000000,72.09000000,73.54000000,186459.72505000,1566863999999,13805533.13154140,40065,98489.10926000,7293251.26942080,0
2019-08-27,73.59000000,73.75000000,72.13000000,72.90000000,92746.01751000,1566950399999,6757231.10227790,21524,43509.09907000,3172105.49915100,0
2019-08-28,72.88000000,73.14000000,65.00000000,66.73000000,295837.67734000,1567036799999,20294112.37332740,49894,131597.62800000,9046210.24847970,0
2019-08-29,66.73000000,66.77000000,62.00000000,63.59000000,206167.47861000,1567123199999,13330132.46861370,37957,100797.33055000,6520899.85246700,0
2019-08-30,63.55000000,65.60000000,62.16000000,64.17000000,188503.14428000,1567209599999,12025139.09389750,26955,98305.84069000,6279252.61565500,0
2019-08-31,64.18000000,65.39000000,62.25000000,64.24000000,148167.15877000,1567295999999,9443772.20454120,25143,72132.81825000,4601254.32766300,0
2019-09-01,64.23000000,67.21000000,63.74000000,65.89000000,160452.85757000,1567382399999,10479308.75819450,29183,75541.81384000,4934949.07217570,0
2019-09-02,65.85000000,68.03000000,64.80000000,66.92000000,210648.66087000,1567468799999,13961846.03248440,34024,99251.12290000,6583159.19086530,0
2019-09-03,66.92000000,71.00000000,66.47000000,69.06000000,286130.47957000,1567555199999,19629532.35208970,45037,142902.74073000,9806298.85448460,0
2019-09-04,69.00000000,69.24000000,66.40000000,67.01000000,219846.13540000,1567641599999,14865189.88866590,43383,108609.16155000,7347110.28041850,0
2019-09-05,67.02000000,67.39000000,64.14000000,65.23000000,166569.36182000,1567727999999,10917424.27826130,41039,77908.74080000,5105857.16305290,0
2019-09-06,65.24000000,68.00000000,63.54000000,64.87000000,278618.16432000,1567814399999,18378132.72883590,53762,142220.06687000,9388119.88437770,0
2019-09-07,64.88000000,70.57000000,64.53000000,68.77000000,305501.47722000,1567900799999,20816429.34359730,56752,159280.40841000,10851062.73905530,0
2019-09-08,68.77000000,71.46000000,68.00000000,70.36000000,315059.92831000,1567987199999,22060121.02320930,54949,149888.58949000,10494422.75502790,0
2019-09-09,70.36000000,71.38000000,67.73000000,69.89000000,229275.26659000,1568073599999,15939720.84881870,46010,106713.69525000,7426915.51144300,0
2019-09-10,69.86000000,73.10000000,69.77000000,70.85000000,315598.33706000,1568159999999,22476093.84756880,61080,161180.39623000,11485204.65158170,0
2019-09-11,70.85000000,71.81000000,68.25000000,69.80000000,208744.34146000,1568246399999,14621909.77078360,48014,101257.78288000,7095088.93267300,0
2019-09-12,69.80000000,70.00000000,68.30000000,69.15000000,135570.08885000,1568332799999,9369849.09421190,35729,69917.02730000,4834528.05318640,0
2019-09-13,69.18000000,69.58000000,67.36000000,68.93000000,156416.29244000,1568419199999,10722817.40942850,36668,74427.10577000,5103848.61867570,0
2019-09-14,68.93000000,71.50000000,68.20000000,70.50000000,179064.87019000,1568505599999,12520755.78292750,36614,91546.55777000,6404047.67940740,0
2019-09-15,70.49000000,71.28000000,69.50000000,70.04000000,123157.58776000,1568591999999,8653254.98748150,28463,61106.51694000,4296442.40010220,0
2019-09-16,70.04000000,73.67000000,69.36000000,72.63000000,267731.58165000,1568678399999,19101962.98123950,51188,138704.37818000,9903619.17201490,0
2019-09-17,72.67000000,77.59000000,72.15000000,74.04000000,331820.84685000,1568764799999,24574442.89294950,67157,169099.29045000,12526280.93942820,0
2019-09-18,74.06000000,80.30000000,73.98000000,77.81000000,463500.72712000,1568851199999,35716016.26697200,71198,241179.67486000,18593958.97621710,0
2019-09-19,77.77000000,80.90000000,72.62000000,76.56000000,516227.12489000,1568937599999,38833965.37484800,77388,261523.14495000,19683152.82181320,0
2019-09-20,76.56000000,77.08000000,72.78000000,75.05000000,286151.47725000,1569023999999,21475382.84291940,46189,137355.66168000,10313407.54071880,0
2019-09-21,75.06000000,75.58000000,72.06000000,73.22000000,211641.79197000,1569110399999,15603395.96512530,37990,97202.74965000,7169287.06766100,0
2019-09-22,73.20000000,73.22000000,71.03000000,72.23000000,219392.15857000,1569196799999,15823511.83894100,35676,107226.35618000,7733649.94630930,0
2019-09-23,72.26000000,74.24000000,61.88000000,66.54000000,527501.79121000,1569283199999,36517883.79392640,86675,256372.40011000,17764047.19374180,0
2019-09-24,66.54000000,67.42000000,54.07000000,54.57000000,987995.23380000,1569369599999,60140536.53636330,171116,466809.46368000,28446986.08862440,0
2019-09-25,54.57000000,58.34000000,52.84000000,57.43000000,781318.26507000,1569455999999,43535732.16447020,110070,394951.24301000,22011399.72373260,0
2019-09-26,57.48000000,57.56000000,50.30000000,55.19000000,630061.90746000,1569542399999,34400819.97090030,79912,310099.31131000,16938385.90850020,0
2019-09-27,55.17000000,56.61000000,52.61000000,55.86000000,390379.87374000,1569628799999,21349989.04950850,55002,199050.11711000,10886610.18412920,0
2019-09-28,55.86000000,56.16000000,53.67000000,55.37000000,258783.39518000,1569715199999,14274176.83943360,39309,129340.94843000,7136724.84501770,0
2019-09-29,55.38000000,55.58000000,52.13000000,53.82000000,227546.40106000,1569801599999,12197410.16897320,34775,110918.57288000,5945147.39734590,0
2019-09-30,53.84000000,56.25000000,52.46000000,55.99000000,369529.68787000,1569887999999,20182788.05999330,48854,189864.80853000,10372490.20822530,0
2019-10-01,56.01000000,57.60000000,54.82000000,55.63000000,333581.15687000,1569974399999,18705039.80207720,52538,166878.40846000,9358147.27499660,0
2019-10-02,55.59000000,56.66000000,55.13000000,56.23000000,215424.38457000,1570060799999,12034864.98024440,35664,112609.09400000,6291799.56982720,0
2019-10-03,56.28000000,57.07000000,53.62000000,56.44000000,253310.60723000,1570147199999,14061349.42743440,38720,123368.39619000,6853794.48634690,0
2019-10-04,56.45000000,57.50000000,55.22000000,56.30000000,247275.45318000,1570233599999,13995320.69829410,36155,123056.62330000,6966155.44510450,0
2019-10-05,56.30000000,57.40000000,55.57000000,56.69000000,177602.10058000,1570319999999,10003772.60707990,29994,87530.77209000,4932672.70902120,0
2019-10-06,56.69000000,56.80000000,52.73000000,54.41000000,259829.37559000,1570406399999,14302889.32017750,43874,124847.71405000,6875419.80036810,0
2019-10-07,54.42000000,58.65000000,53.25000000,57.46000000,314689.40497000,1570492799999,17738640.58921930,51681,164543.74546000,9284182.11176150,0
2019-10-08,57.46000000,58.45000000,56.47000000,56.94000000,184201.79637000,1570579199999,10559404.66282820,31403,92246.74688000,5289047.70283110,0
2019-10-09,56.92000000,60.06000000,56.60000000,59.12000000,344098.90670000,1570665599999,20109296.34107230,49951,183560.59961000,10716909.04611350,0
2019-10-10,59.10000000,59.33000000,57.00000000,57.47000000,215031.29392000,1570751999999,12487446.42482700,34773,103415.14974000,6006437.43807360,0
2019-10-11,57.48000000,58.42000000,55.33000000,55.85000000,266818.06740000,1570838399999,15066092.23075570,48702,127796.22425000,7218121.59854600,0
2019-10-12,55.85000000,56.50000000,55.41000000,55.70000000,101685.84465000,1570924799999,5692945.96085580,26093,50343.98692000,2819081.29869760,0
2019-10-13,55.71000000,57.69000000,55.47000000,56.46000000,157772.38785000,1571011199999,8939980.18918910,38150,81683.55225000,4629235.77793980,0
2019-10-14,56.44000000,57.10000000,55.94000000,56.83000000,133434.14038000,1571097599999,7558734.90421930,32825,65587.85108000,3716264.40980100,0
2019-10-15,56.83000000,57.39000000,53.40000000,54.58000000,332451.21390000,1571183999999,18373352.23943900,59727,164595.14119000,9102943.80815040,0
2019-10-16,54.57000000,55.39000000,51.00000000,52.45000000,299556.40107000,1571270399999,15877658.59814110,55176,146068.97820000,7740909.19145960,0
2019-10-17,52.45000000,55.22000000,51.57000000,54.94000000,238776.40360000,1571356799999,12771309.09028890,47247,121941.91101000,6526563.44218000,0
2019-10-18,54.95000000,55.01000000,52.19000000,53.21000000,213517.39011000,1571443199999,11396652.49313080,45429,103941.11514000,5547356.40889360,0
2019-10-19,53.21000000,54.16000000,52.54000000,53.72000000,152610.00837000,1571529599999,8152648.18990590,37171,80954.95989000,4326351.44861180,0
2019-10-20,53.72000000,55.46000000,52.58000000,54.85000000,208172.70191000,1571615999999,11213347.34362870,42746,103992.64840000,5605399.08689190,0
2019-10-21,54.85000000,55.74000000,53.67000000,54.57000000,208464.19325000,1571702399999,11371435.93808090,45092,103585.18116000,5651031.19229780,0
2019-10-22,54.57000000,55.09000000,52.97000000,53.39000000,159956.49835000,1571788799999,8683674.60122590,38311,79531.69636000,4320405.08855970,0
2019-10-23,53.38000000,53.44000000,47.10000000,49.50000000,509593.26474000,1571875199999,25426831.22768420,75355,251189.99535000,12534134.93573190,0
2019-10-24,49.48000000,50.32000000,48.30000000,49.54000000,308330.52196000,1571961599999,15231954.36652150,53208,160658.29958000,7936026.09947890,0
2019-10-25,49.55000000,58.70000000,49.01000000,56.93000000,761473.61477000,1572047999999,41420745.68139560,116503,399490.98995000,21708696.62095050,0
2019-10-26,56.94000000,63.37000000,54.14000000,56.71000000,1041416.04901000,1572134399999,60212455.06232410,155371,508903.68113000,29455311.90511390,0
2019-10-27,56.69000000,62.85000000,55.59000000,59.78000000,661079.75268000,1572220799999,39184044.86097640,113464,334534.92366000,19819575.64697760,0
2019-10-28,59.79000000,62.47000000,57.40000000,57.70000000,540004.69723000,1572307199999,31899759.56790020,98176,275561.42513000,16277199.04358450,0
2019-10-29,57.70000000,60.75000000,57.65000000,59.75000000,401424.23907000,1572393599999,23880814.28531570,75360,191951.53411000,11422597.07142440,0
2019-10-30,59.76000000,61.05000000,56.88000000,57.89000000,341531.28519000,1572479999999,20067287.16194480,65567,164284.06356000,9659800.75798340,0
2019-10-31,57.90000000,59.56000000,57.01000000,58.29000000,269103.33623000,1572566399999,15704328.21804730,56406,137070.85314000,8000881.96472580,0
2019-11-01,58.29000000,58.80000000,56.68000000,58.23000000,221222.32940000,1572652799999,12800948.22355630,53330,118562.39164000,6863611.02038140,0
2019-11-02,58.24000000,59.19000000,57.73000000,58.25000000,150647.43930000,1572739199999,8791009.20233310,33538,70777.39873000,4131668.11207270,0
2019-11-03,58.24000000,58.75000000,57.18000000,58.29000000,141302.66308000,1572825599999,8187021.02604240,28822,70717.74037000,4100072.50126920,0
2019-11-04,58.29000000,62.40000000,57.87000000,61.29000000,410380.76551000,1572911999999,24885022.39968600,68556,213658.90520000,12957931.13774140,0
2019-11-05,61.26000000,64.15000000,60.89000000,63.12000000,527595.77833000,1572998399999,33018350.52632020,89887,282286.59808000,17668472.92511790,0
2019-11-06,63.13000000,64.33000000,62.56000000,64.11000000,334742.14328000,1573084799999,21184873.26065780,58572,178988.11043000,11334673.95017710,0
2019-11-07,64.11000000,64.33000000,60.27000000,61.39000000,327504.17073000,1573171199999,20341773.35058980,63798,156316.75496000,9710292.07228160,0
2019-11-08,61.40000000,62.49000000,58.93000000,60.38000000,347351.93739000,1573257599999,21069094.56458040,72750,168608.21635000,10231685.93438230,0
2019-11-09,60.36000000,62.37000000,60.17000000,62.04000000,196430.96635000,1573343999999,12033723.06915690,45899,98735.99944000,6049469.81191480,0
2019-11-10,62.04000000,66.19000000,60.80000000,63.65000000,437892.99669000,1573430399999,27791092.93064840,81523,213612.92925000,13560373.16232910,0
2019-11-11,63.65000000,64.33000000,60.47000000,61.84000000,409179.59195000,1573516799999,25483714.41547130,74028,208187.36006000,12966294.25391340,0
2019-11-12,61.84000000,62.25000000,59.75000000,61.42000000,299770.77160000,1573603199999,18364928.41496820,58282,145997.39461000,8946891.36736910,0
2019-11-13,61.45000000,62.05000000,60.27000000,60.96000000,175581.95546000,1573689599999,10721665.62536910,25876,87266.84428000,5331587.33495950,0
2019-11-14,60.96000000,61.10000000,58.25000000,59.00000000,289462.24048000,1573775999999,17199630.29873370,41405,145023.52035000,8617962.45983720,0
2019-11-15,59.00000000,60.75000000,56.20000000,57.60000000,333621.34492000,1573862399999,19466114.18157750,57953,163701.22572000,9557643.47088000,0
2019-11-16,57.61000000,58.98000000,57.14000000,58.30000000,135649.07460000,1573948799999,7869798.74898860,28624,67210.98263000,3901582.39841030,0
2019-11-17,58.29000000,59.97000000,57.55000000,59.22000000,190026.97121000,1574035199999,11231813.56922600,35713,100614.92580000,5946054.75775110,0
2019-11-18,59.21000000,59.30000000,54.00000000,55.81000000,297441.77936000,1574121599999,16889540.76456900,53586,135189.13750000,7683381.24738170,0
2019-11-19,55.80000000,56.23000000,54.20000000,55.13000000,245040.39116000,1574207999999,13537640.59877720,44362,118291.83438000,6537290.98963660,0
2019-11-20,55.13000000,56.16000000,54.61000000,54.98000000,224543.37210000,1574294399999,12409649.69886260,36451,104116.68120000,5756602.44147130,0
2019-11-21,54.99000000,55.29000000,48.51000000,50.61000000,442743.26376000,1574380799999,22956914.14141310,69065,208344.23374000,10806901.05302980,0
2019-11-22,50.61000000,51.55000000,43.58000000,47.32000000,924579.32624000,1574467199999,43972840.34313390,146131,456076.76081000,21708122.70781310,0
2019-11-23,47.32000000,48.53000000,46.13000000,48.10000000,301729.20885000,1574553599999,14284224.62810570,62336,153597.55638000,7275072.30391450,0
2019-11-24,48.11000000,48.24000000,43.45000000,43.86000000,419517.52854000,1574639999999,19189967.86916700,72475,199077.81825000,9108016.59912650,0
2019-11-25,43.87000000,47.42000000,42.04000000,45.47000000,571324.21757000,1574726399999,25692967.87359650,92066,290639.80560000,13080997.15571660,0
2019-11-26,45.48000000,47.57000000,45.22000000,46.91000000,310692.28241000,1574812799999,14415831.25758600,38148,152715.99704000,7087780.75631480,0
2019-11-27,46.91000000,48.69000000,44.51000000,47.70000000,455880.87524000,1574899199999,21293926.38590940,50428,228992.57637000,10707459.04093680,0
2019-11-28,47.69000000,48.00000000,46.01000000,46.79000000,267853.24107000,1574985599999,12673681.75890540,30200,133836.36577000,6334860.27912240,0
2019-11-29,46.78000000,49.33000000,46.73000000,48.54000000,301668.56643000,1575071999999,14538397.07211030,37777,154045.71920000,7421129.67626550,0
2019-11-30,48.55000000,48.76000000,46.53000000,47.21000000,270874.56808000,1575158399999,12935751.22401480,28993,135560.29966000,6473395.56340460,0
2019-12-01,47.21000000,48.45000000,45.50000000,47.45000000,313486.32183000,1575244799999,14677016.94472440,37924,149003.16794000,6978859.83623190,0
2019-12-02,47.45000000,47.57000000,44.71000000,45.45000000,302502.05198000,1575331199999,13883607.69552730,36270,145596.03334000,6681292.06017920,0
2019-12-03,45.44000000,46.22000000,44.26000000,44.75000000,323943.46120000,1575417599999,14690325.25946830,36442,156812.32729000,7116849.37385240,0
2019-12-04,44.76000000,46.98000000,43.69000000,44.67000000,555313.52753000,1575503999999,25067891.80724050,57187,270905.45497000,12238534.36399490,0
2019-12-05,44.64000000,45.21000000,43.70000000,44.81000000,444840.89828000,1575590399999,19798104.18490340,46086,219796.49377000,9784768.77212160,0
2019-12-06,44.78000000,45.50000000,44.05000000,45.28000000,273507.67563000,1575676799999,12251452.24981200,30528,134652.88093000,6032216.49702310,0
2019-12-07,45.26000000,46.50000000,44.94000000,45.15000000,195130.20296000,1575763199999,8895004.03597260,21878,96110.89446000,4382792.16967750,0
2019-12-08,45.14000000,46.20000000,44.81000000,45.56000000,131675.58673000,1575849599999,5985309.34749940,15896,66819.23103000,3039348.58246230,0
2019-12-09,45.55000000,45.87000000,44.04000000,44.45000000,219794.24751000,1575935999999,9893759.72051790,23800,108304.97239000,4878313.72708730,0
2019-12-10,44.45000000,44.67000000,43.60000000,44.09000000,151332.98482000,1576022399999,6686909.38988430,15891,69898.69502000,3089630.30429790,0
2019-12-11,44.07000000,44.46000000,43.27000000,43.70000000,134280.00698000,1576108799999,5891144.23888400,14409,62043.55953000,2722668.65598240,0
2019-12-12,43.70000000,44.11000000,42.84000000,43.65000000,169652.16018000,1576195199999,7380545.62004540,19728,85999.70577000,3742000.44099520,0
2019-12-13,43.65000000,44.55000000,43.43000000,44.44000000,127935.79567000,1576281599999,5621054.01108980,13541,58471.19861000,2570140.84393180,0
2019-12-14,44.44000000,44.67000000,43.19000000,43.25000000,121589.21791000,1576367999999,5323519.62204860,13310,53862.19322000,2360252.24478530,0
2019-12-15,43.28000000,44.04000000,42.90000000,43.44000000,105010.15867000,1576454399999,4563418.48711830,12505,51799.75603000,2251768.76826200,0
2019-12-16,43.46000000,43.56000000,39.02000000,39.99000000,396847.07159000,1576540799999,16244725.10812520,41485,184884.86667000,7573765.05845150,0
2019-12-17,39.98000000,40.13000000,36.10000000,36.92000000,648918.38857000,1576627199999,24820514.27758630,70023,310331.14087000,11871806.97569000,0
2019-12-18,36.94000000,41.71000000,35.78000000,40.79000000,668186.50576000,1576713599999,25716885.42918140,89411,335244.51062000,12916009.08026010,0
2019-12-19,40.79000000,41.10000000,39.06000000,39.65000000,240386.31479000,1576799999999,9577045.42395340,33791,120262.37009000,4791331.89861050,0
2019-12-20,39.66000000,40.41000000,39.25000000,40.17000000,151508.47648000,1576886399999,6050598.73182280,19425,78419.75891000,3132282.40459490,0
2019-12-21,40.15000000,40.22000000,39.41000000,39.67000000,91777.09640000,1576972799999,3651414.49118130,11662,43464.92628000,1729288.94778340,0
2019-12-22,39.67000000,42.16000000,39.62000000,41.82000000,208763.30093000,1577059199999,8592483.95532630,24934,101861.01512000,4192128.50749550,0
2019-12-23,41.84000000,42.67000000,40.21000000,40.56000000,288871.46721000,1577145599999,12041679.12462470,34320,143105.05993000,5970009.13594250,0
2019-12-24,40.56000000,41.13000000,39.68000000,40.34000000,211802.58489000,1577231999999,8565123.80359530,24839,102292.12388000,4136767.07859820,0
2019-12-25,40.33000000,40.48000000,39.38000000,40.08000000,136397.58244000,1577318399999,5454518.42452860,17209,65406.50317000,2615476.54080960,0
2019-12-26,40.11000000,41.73000000,39.58000000,40.01000000,198471.35190000,1577404799999,8031017.76257610,24086,96029.37615000,3888297.25503540,0
2019-12-27,39.99000000,41.50000000,39.67000000,40.95000000,219242.83628000,1577491199999,8903088.98840500,26536,110252.79334000,4478146.03961230,0
2019-12-28,40.96000000,43.76000000,40.91000000,42.83000000,284295.33296000,1577577599999,12068166.85660780,31929,145885.33427000,6192814.62719960,0
2019-12-29,42.84000000,43.76000000,42.14000000,43.08000000,337087.76870000,1577663999999,14473143.45879450,35634,166163.03141000,7140619.59151460,0
2019-12-30,43.07000000,44.18000000,41.82000000,42.38000000,298595.46371000,1577750399999,12800752.84547040,30692,146825.73255000,6295109.72941410,0
2019-12-31,42.36000000,43.05000000,41.00000000,41.30000000,201549.74137000,1577836799999,8450325.32479170,23193,93522.40299000,3922005.68383320,0
2020-01-01,41.29000000,42.08000000,41.16000000,41.62000000,110044.87445000,1577923199999,4588192.88494250,14203,53760.52786000,2241726.74736430,0
2020-01-02,41.58000000,41.74000000,39.17000000,39.43000000,194486.21570000,1578009599999,7837031.55619300,23558,91324.69175000,3676994.34181980,0
2020-01-03,39.44000000,42.39000000,38.77000000,42.23000000,426771.00676000,1578095999999,17556942.01620890,46354,220965.94790000,9092798.72197530,0
2020-01-04,42.23000000,42.90000000,41.77000000,42.78000000,248814.62818000,1578182399999,10536131.93721250,27608,120439.57768000,5101268.04655140,0
2020-01-05,42.79000000,44.61000000,42.60000000,43.30000000,291964.84958000,1578268799999,12684292.66043760,34561,148341.20111000,6445083.88801190,0
2020-01-06,43.29000000,46.08000000,43.16000000,45.80000000,384930.99090000,1578355199999,17201996.63042000,41260,202551.96806000,9055729.23892610,0
2020-01-07,45.80000000,47.03000000,44.48000000,46.30000000,493847.10532000,1578441599999,22589565.78223820,57967,246257.18590000,11269240.62485130,0
2020-01-08,46.30000000,48.54000000,44.00000000,45.35000000,628050.68438000,1578527999999,29193086.86085100,71541,305889.39717000,14217334.08675440,0
2020-01-09,45.35000000,45.79000000,43.90000000,44.74000000,296221.65692000,1578614399999,13283092.25772150,39695,149714.58144000,6715265.31379200,0
2020-01-10,44.75000000,49.72000000,43.71000000,49.06000000,729803.12291000,1578700799999,34640199.74646030,91821,373304.80193000,17712302.98251370,0
2020-01-11,49.06000000,51.95000000,47.77000000,49.30000000,681984.46652000,1578787199999,33981679.44026000,92758,331428.16605000,16518943.87200340,0
2020-01-12,49.32000000,51.75000000,48.78000000,51.43000000,533583.45808000,1578873599999,26990269.79888990,70890,263143.43421000,13311839.32005090,0
2020-01-13,51.44000000,51.60000000,48.91000000,49.60000000,382092.95573000,1578959999999,19087715.14522830,51235,183395.24250000,9158499.13817160,0
2020-01-14,49.59000000,60.80000000,49.58000000,58.39000000,1232536.35364000,1579046399999,68826521.75910260,213635,626303.01693000,35005652.79094810,0
2020-01-15,58.37000000,60.33000000,55.28000000,58.16000000,720369.64189000,1579132799999,41857129.97632310,137194,351957.40768000,20462906.06609060,0
2020-01-16,58.17000000,58.50000000,54.50000000,57.56000000,477991.20162000,1579219199999,27095155.67487640,92559,232849.92958000,13209804.02620230,0
2020-01-17,57.56000000,63.26000000,56.72000000,61.02000000,767514.50323000,1579305599999,46255994.43095530,145648,367381.09392000,22140222.82637420,0
2020-01-18,61.05000000,62.50000000,57.90000000,59.32000000,498603.84903000,1579391999999,29980576.63328180,97996,238893.23479000,14367974.09198270,0
2020-01-19,59.29000000,62.55000000,55.34000000,57.60000000,530916.40859000,1579478399999,31173786.79126640,93326,243876.77467000,14314556.54856530,0
2020-01-20,57.59000000,58.29000000,55.84000000,57.19000000,262316.67258000,1579564799999,14992782.87508550,44915,127133.85040000,7266284.81414450,0
2020-01-21,57.19000000,58.09000000,55.91000000,57.57000000,216543.72376000,1579651199999,12411702.38582900,40186,108424.11974000,6217646.73720770,0
2020-01-22,57.60000000,59.33000000,57.18000000,58.33000000,218658.95477000,1579737599999,12717189.46488600,41989,102281.74847000,5950973.03350060,0
2020-01-23,58.33000000,58.40000000,52.42000000,54.52000000,464982.43026000,1579823999999,25617022.98127060,66050,212861.79207000,11724619.81524080,0
2020-01-24,54.52000000,55.41000000,50.64000000,54.38000000,550746.21423000,1579910399999,29358272.10197650,69679,268575.33152000,14330237.68322520,0
2020-01-25,54.41000000,54.41000000,51.90000000,53.25000000,282004.92676000,1579996799999,15034806.23812200,41164,137119.05350000,7309046.50467200,0
2020-01-26,53.26000000,56.68000000,52.80000000,56.24000000,348355.26494000,1580083199999,19066690.28468520,45436,170242.74869000,9314784.84132630,0
2020-01-27,56.29000000,59.65000000,55.87000000,58.55000000,504725.67707000,1580169599999,29245084.44984730,64059,250487.63385000,14512956.69686790,0
2020-01-28,58.55000000,61.61000000,57.28000000,60.52000000,720540.74548000,1580255999999,42958185.64174930,89043,361368.02755000,21553055.46887200,0
2020-01-29,60.54000000,62.56000000,59.40000000,59.80000000,570079.36355000,1580342399999,34698879.09787320,71327,278103.50024000,16940537.52167060,0
2020-01-30,59.81000000,70.22000000,58.24000000,67.98000000,1286322.99676000,1580428799999,83696612.66596100,152455,653252.96368000,42518423.98212410,0
2020-01-31,68.00000000,70.10000000,65.37000000,68.00000000,938256.78346000,1580515199999,63513691.45788240,120625,459693.87575000,31129143.73524850,0
2020-02-01,68.02000000,73.00000000,67.62000000,70.72000000,952836.89640000,1580601599999,67544318.68868990,126179,476654.85747000,33795414.69410760,0
2020-02-02,70.72000000,73.50000000,67.66000000,69.93000000,818385.89212000,1580687999999,57937576.88566420,104158,397247.74297000,28144087.92148560,0
2020-02-03,69.93000000,73.00000000,68.45000000,69.65000000,689182.24855000,1580774399999,48493966.03873960,86916,356634.35090000,25101774.10996630,0
2020-02-04,69.65000000,70.50000000,66.62000000,68.07000000,487054.42541000,1580860799999,33199657.26973390,62616,242977.08505000,16569468.37147110,0
2020-02-05,68.04000000,73.47000000,67.62000000,72.59000000,646729.48877000,1580947199999,46118158.32426710,86716,333705.00432000,23806226.96394060,0
2020-02-06,72.59000000,75.08000000,70.91000000,73.60000000,715147.76142000,1581033599999,52427941.75900750,101683,345171.36385000,25309058.11335830,0
2020-02-07,73.59000000,75.48000000,72.85000000,74.30000000,542489.66181000,1581119999999,40132351.25142580,73029,265686.09156000,19660007.25755280,0
2020-02-08,74.31000000,77.94000000,71.53000000,76.56000000,647821.60398000,1581206399999,48757951.45692730,98710,319012.59384000,24007727.88951570,0
2020-02-09,76.56000000,78.43000000,75.00000000,77.00000000,475670.64062000,1581292799999,36581176.11360140,72113,236135.70686000,18159176.08793770,0
2020-02-10,76.99000000,77.48000000,72.21000000,74.02000000,709830.62871000,1581379199999,52756980.53293140,99321,366588.96923000,27245957.51787530,0
2020-02-11,73.98000000,77.40000000,72.64000000,76.46000000,557017.26862000,1581465599999,41776583.98157880,82944,285520.28043000,21432960.61483000,0
2020-02-12,76.45000000,82.81000000,76.44000000,81.17000000,771544.88292000,1581551999999,61428938.03371140,109159,392789.04632000,31249340.87391000,0
2020-02-13,81.20000000,84.32000000,77.15000000,80.55000000,1051054.74790000,1581638399999,85042904.51814410,151414,522751.52584000,42323180.51445450,0
2020-02-14,80.55000000,83.79000000,78.61000000,83.14000000,523491.69506000,1581724799999,42705491.43694840,88264,267884.83526000,21853084.17757150,0
2020-02-15,83.14000000,83.50000000,75.04000000,76.70000000,704650.11923000,1581811199999,55784555.24127400,125678,319991.28710000,25356206.56174350,0
2020-02-16,76.74000000,80.77000000,67.85000000,74.67000000,998173.25658000,1581897599999,74384870.94959080,164747,492173.92834000,36747723.90518300,0
2020-02-17,74.66000000,75.50000000,68.51000000,73.41000000,738054.46975000,1581983999999,52679051.66613170,131692,376286.35940000,26862141.27861460,0
2020-02-18,73.44000000,79.09000000,70.00000000,77.25000000,713680.23162000,1582070399999,53060847.63859170,115290,358890.70099000,26680277.95220910,0
2020-02-19,77.25000000,79.45000000,67.00000000,70.61000000,544027.83444000,1582156799999,40495898.03283510,109587,251896.30337000,18778142.42763850,0
2020-02-20,70.61000000,72.43000000,66.10000000,69.40000000,731293.24627000,1582243199999,50797288.38529440,126515,363292.69927000,25253830.66631290,0
2020-02-21,69.38000000,75.25000000,68.56000000,73.25000000,627123.84133000,1582329599999,45527535.16927990,108446,314019.55349000,22791648.99153340,0
2020-02-22,73.25000000,76.79000000,72.32000000,74.79000000,651449.78648000,1582415999999,48795358.48709230,105555,318901.05992000,23884777.19341490,0
2020-02-23,74.80000000,80.00000000,74.66000000,79.52000000,666132.69507000,1582502399999,52092584.25580340,110202,355785.25628000,27829942.95947100,0
2020-02-24,79.52000000,79.76000000,71.71000000,75.59000000,936157.25919000,1582588799999,70787716.59145230,146823,466475.05141000,35280959.69627180,0
2020-02-25,75.57000000,76.08000000,69.54000000,70.98000000,778054.96678000,1582675199999,56572999.51794070,129479,367547.00373000,26752498.49430430,0
2020-02-26,70.98000000,72.15000000,57.41000000,60.53000000,1523364.69178000,1582761599999,98294915.85492760,224945,741910.01912000,47908133.45361140,0
2020-02-27,60.53000000,65.10000000,57.15000000,61.77000000,1110493.93153000,1582847999999,68225898.62528330,175084,550058.08874000,33821508.11947600,0
2020-02-28,61.76000000,63.39000000,56.56000000,59.89000000,1070641.27708000,1582934399999,64057582.61898940,144429,522713.14131000,31290378.80374420,0
2020-02-29,59.88000000,61.65000000,57.84000000,58.05000000,507036.86245000,1583020799999,30231389.16762880,79751,249129.93657000,14855939.83932490,0
2020-03-01,58.05000000,60.28000000,56.21000000,57.70000000,633924.91162000,1583107199999,37024496.38432820,94046,307694.69178000,17967778.43292240,0
2020-03-02,57.72000000,62.32000000,57.25000000,61.42000000,660927.26176000,1583193599999,39608823.90269460,90644,337603.51781000,20240130.46122340,0
2020-03-03,61.42000000,62.40000000,59.40000000,61.01000000,640940.77457000,1583279999999,39002038.56290350,90211,311494.51573000,18960304.07912560,0
2020-03-04,61.02000000,61.78000000,58.71000000,60.38000000,424299.86211000,1583366399999,25604221.91697150,64079,208060.85826000,12559140.79585610,0
2020-03-05,60.38000000,63.29000000,60.33000000,62.06000000,556909.07976000,1583452799999,34487269.85224490,75555,277681.06703000,17202588.49294730,0
2020-03-06,62.06000000,63.84000000,61.18000000,63.22000000,469519.29565000,1583539199999,29325440.17575500,63265,238068.48417000,14871245.35731540,0
2020-03-07,63.21000000,63.89000000,59.86000000,60.46000000,444270.53508000,1583625599999,27655735.41149100,62288,211552.27437000,13174428.62646330,0
2020-03-08,60.46000000,60.47000000,50.41000000,51.00000000,945026.27128000,1583711999999,51958845.61631390,129660,449553.52009000,24706802.15208260,0
2020-03-09,51.02000000,52.27000000,46.57000000,50.39000000,1426145.50164000,1583798399999,70420337.28326550,196502,713220.97415000,35224617.95180810,0
2020-03-10,50.37000000,51.39000000,48.86000000,50.26000000,727732.90911000,1583884799999,36535744.60946280,101450,371443.49103000,18653145.65435160,0
2020-03-11,50.24000000,50.74000000,45.47000000,48.53000000,799984.95798000,1583971199999,38538721.61904850,105084,397677.96180000,19155944.04424230,0
2020-03-12,48.52000000,48.76000000,28.65000000,29.83000000,2239777.98028000,1584057599999,80981795.22780490,324788,1058295.42608000,38166345.26855290,0
2020-03-13,29.83000000,39.92000000,24.00000000,37.52000000,3435572.20926000,1584143999999,113058309.48667670,428733,1696024.83406000,55866201.63698120,0
2020-03-14,37.51000000,37.65000000,33.80000000,34.40000000,1181175.59196000,1584230399999,42316336.59573340,165906,576418.45268000,20654782.29932330,0
2020-03-15,34.40000000,38.73000000,34.04000000,36.38000000,1040322.30282000,1584316799999,37333342.64250410,135686,521990.28740000,18732867.94783410,0
2020-03-16,36.37000000,36.41000000,29.29000000,33.20000000,1624714.37584000,1584403199999,52644643.37862400,217526,783070.67460000,25367141.84608760,0
2020-03-17,33.23000000,35.85000000,32.42000000,34.07000000,945437.93136000,1584489599999,32633674.45789300,124781,476246.13997000,16435082.41405130,0
2020-03-18,34.06000000,34.83000000,32.28000000,34.71000000,1044607.75726000,1584575999999,35191685.56953250,119552,523842.58850000,17649875.61733340,0
2020-03-19,34.72000000,40.80000000,34.00000000,38.90000000,1344406.50235000,1584662399999,50321916.06862650,153523,695032.14269000,25995593.19469350,0
2020-03-20,38.90000000,43.69000000,34.05000000,38.08000000,1571300.60857000,1584748799999,62380455.89251260,203546,785753.47897000,31213679.67593960,0
2020-03-21,38.07000000,39.84000000,36.21000000,38.32000000,667452.63396000,1584835199999,25414755.13576190,110811,332902.10318000,12679870.99539580,0
2020-03-22,38.34000000,39.69000000,34.82000000,35.40000000,714342.72730000,1584921599999,26556648.09077230,106232,349744.80419000,13011517.16272980,0
2020-03-23,35.42000000,39.99000000,34.57000000,38.94000000,859942.52611000,1585007999999,32311045.42974240,120735,444577.44001000,16712567.61390970,0
2020-03-24,38.93000000,40.95000000,38.21000000,40.57000000,593656.77335000,1585094399999,23511452.09394690,87833,314049.75241000,12444567.71134460,0
2020-03-25,40.56000000,41.04000000,38.09000000,39.17000000,577448.88856000,1585180799999,22783918.76449180,88553,288830.17511000,11405147.21610330,0
2020-03-26,39.17000000,40.48000000,38.40000000,40.41000000,415595.26222000,1585267199999,16307374.36610290,68334,216621.28840000,8504030.85231110,0
2020-03-27,40.41000000,41.21000000,37.73000000,38.04000000,481643.28173000,1585353599999,19173843.62566710,72751,231932.77356000,9239743.41694940,0
2020-03-28,38.04000000,39.43000000,36.61000000,38.87000000,624312.49566000,1585439999999,23604387.59854990,95631,309573.84175000,11714800.52750260,0
2020-03-29,38.85000000,39.11000000,36.97000000,37.11000000,402076.31264000,1585526399999,15295566.90729430,56705,189814.75791000,7224483.09876180,0
2020-03-30,37.11000000,39.70000000,37.10000000,38.91000000,432738.21921000,1585612799999,16715085.16759540,64243,235755.23781000,9108874.45035560,0
2020-03-31,38.93000000,39.32000000,38.33000000,39.08000000,378426.95789000,1585699199999,14723154.09586530,50858,188247.60554000,7325682.24907220,0
2020-04-01,39.07000000,39.50000000,37.14000000,39.23000000,489850.01556000,1585785599999,18778547.21754320,63203,245213.55465000,9404516.73406550,0
2020-04-02,39.23000000,42.92000000,39.00000000,39.86000000,701573.76921000,1585871999999,28237488.26680460,93739,350309.31771000,14098997.45076250,0
2020-04-03,39.88000000,41.26000000,39.64000000,40.46000000,463368.11630000,1585958399999,18748635.16663910,66985,225474.82548000,9126697.14807030,0
2020-04-04,40.49000000,41.16000000,39.86000000,40.71000000,362602.27624000,1586044799999,14665302.09904760,50599,174559.66942000,7060777.58592980,0
2020-04-05,40.74000000,41.00000000,39.86000000,40.31000000,231112.95730000,1586131199999,9362413.05450550,37753,109970.93945000,4456502.09444820,0
2020-04-06,40.31000000,45.09000000,40.28000000,45.04000000,721562.28580000,1586217599999,30935223.80398450,84826,381763.61812000,16367105.65180410,0
2020-04-07,45.03000000,47.64000000,43.64000000,44.77000000,808081.85352000,1586303999999,37013956.76381610,103739,388214.01041000,17786569.96414820,0
2020-04-08,44.79000000,47.20000000,44.27000000,46.55000000,500059.46495000,1586390399999,23044062.55347440,74268,250730.14941000,11556853.67958290,0
2020-04-09,46.52000000,46.86000000,44.69000000,46.21000000,401085.47958000,1586476799999,18464427.83961110,58252,193647.73757000,8919950.38523770,0
2020-04-10,46.19000000,46.39000000,40.86000000,42.25000000,785172.33131000,1586563199999,33771322.35967930,95650,376530.59166000,16182792.37355570,0
2020-04-11,42.28000000,43.16000000,41.43000000,42.54000000,382360.32132000,1586649599999,16212942.58092900,50015,191340.70818000,8116935.48180100,0
2020-04-12,42.54000000,43.58000000,41.83000000,42.00000000,499257.03257000,1586735999999,21342178.13317510,58658,237133.50543000,10133856.25663630,0
2020-04-13,41.99000000,41.99000000,39.52000000,41.22000000,744114.51306000,1586822399999,30090872.08614140,87006,360272.17883000,14569012.83066110,0
2020-04-14,41.20000000,41.85000000,40.47000000,41.22000000,420837.68832000,1586908799999,17361900.52885360,56730,203708.23130000,8404413.73452000,0
2020-04-15,41.19000000,41.75000000,39.08000000,39.22000000,460328.16310000,1586995199999,18685153.46120500,58489,225149.66910000,9144032.04497800,0
2020-04-16,39.24000000,43.78000000,37.91000000,42.53000000,913086.97771000,1587081599999,37743900.83684660,111554,453204.70168000,18749265.78009780,0
2020-04-17,42.52000000,43.01000000,41.61000000,42.19000000,407623.04587000,1587167999999,17197450.73896670,54144,198107.36760000,8360160.22809200,0
2020-04-18,42.20000000,44.43000000,41.98000000,44.14000000,497104.94271000,1587254399999,21438290.76119330,62859,241800.07786000,10426448.07199380,0
2020-04-19,44.16000000,44.30000000,41.54000000,42.23000000,456205.81252000,1587340799999,19598464.25165340,58029,220172.25389000,9460263.70130210,0
2020-04-20,42.23000000,43.24000000,39.55000000,40.21000000,543840.05683000,1587427199999,22495305.85609830,75587,261792.95923000,10841632.80956730,0
2020-04-21,40.21000000,41.34000000,40.01000000,40.59000000,346732.08492000,1587513599999,14070441.01972070,49957,176181.74155000,7149446.97388110,0
2020-04-22,40.59000000,42.32000000,40.27000000,41.80000000,463111.32681000,1587599999999,19156266.67035520,50721,261993.36856000,10831861.07165950,0
2020-04-23,41.81000000,43.91000000,40.94000000,42.98000000,639336.05312000,1587686399999,27228427.40971550,79767,314458.50404000,13405958.02323460,0
2020-04-24,42.98000000,44.99000000,42.83000000,44.53000000,623877.17694000,1587772799999,27511434.96762740,80860,301357.46327000,13294018.12617270,0
2020-04-25,44.52000000,45.58000000,43.84000000,44.38000000,555367.18724000,1587859199999,24833710.35394970,73594,277476.71836000,12409980.14196190,0
2020-04-26,44.38000000,45.39000000,43.75000000,44.52000000,485605.15593000,1587945599999,21633052.17273740,63842,233280.13494000,10396424.52859960,0
2020-04-27,44.54000000,45.23000000,43.16000000,44.46000000,443570.66029000,1588031999999,19611892.41860170,59917,216108.11953000,9559512.96141010,0
2020-04-28,44.47000000,46.13000000,43.42000000,45.69000000,590012.52304000,1588118399999,26316522.27592960,61434,308126.18587000,13754784.07736630,0
2020-04-29,45.69000000,49.91000000,45.64000000,48.81000000,1198086.90059000,1588204799999,56983117.16653340,136085,615854.81329000,29323666.37600250,0
2020-04-30,48.81000000,50.80000000,45.59000000,46.33000000,1404189.53320000,1588291199999,67399084.98858840,159556,676974.95457000,32517809.69639410,0
2020-05-01,46.33000000,48.27000000,46.30000000,47.07000000,499757.96625000,1588377599999,23637798.36843330,71176,249760.95766000,11823926.34206650,0
2020-05-02,47.08000000,49.60000000,46.73000000,49.20000000,408979.14996000,1588463999999,19681383.60385070,63094,214413.51356000,10318902.62427700,0
2020-05-03,49.20000000,50.02000000,46.61000000,48.05000000,566317.38081000,1588550399999,27433863.01719660,81409,264041.96512000,12795469.84128530,0
2020-05-04,48.07000000,48.20000000,45.11000000,46.96000000,693367.01092000,1588636799999,32216489.94411490,78696,347414.49558000,16140895.63738610,0
2020-05-05,46.97000000,47.76000000,45.71000000,46.54000000,415057.43762000,1588723199999,19397806.10470450,60309,202451.59080000,9467318.79102290,0
2020-05-06,46.56000000,47.55000000,44.55000000,44.94000000,466241.72785000,1588809599999,21723146.90549000,66423,233155.97375000,10869963.05846740,0
2020-05-07,44.92000000,48.22000000,44.37000000,47.37000000,796061.59933000,1588895999999,37063053.89012350,94194,394237.30031000,18360974.51315360,0
2020-05-08,47.37000000,48.43000000,46.34000000,47.69000000,631882.81036000,1588982399999,30005956.28690640,78500,319291.13800000,15171284.95997250,0
2020-05-09,47.70000000,49.10000000,46.75000000,46.95000000,656199.99850000,1589068799999,31531059.60198390,78873,319358.04791000,15350391.96306460,0
2020-05-10,46.97000000,47.04000000,39.40000000,42.06000000,1404081.17548000,1589155199999,58997967.78654620,165366,677181.80737000,28411243.82728570,0
2020-05-11,42.05000000,42.90000000,39.37000000,41.51000000,955643.70805000,1589241599999,39459230.38420540,110451,460519.13351000,19013054.27335640,0
2020-05-12,41.49000000,42.88000000,41.26000000,42.18000000,598291.63995000,1589327999999,25210189.41779280,70121,299852.93896000,12637602.39525560,0
2020-05-13,42.18000000,43.74000000,41.94000000,43.18000000,404524.24723000,1589414399999,17315990.29925300,54203,201595.22784000,8634026.40114450,0
2020-05-14,43.18000000,44.38000000,42.21000000,43.98000000,507436.34974000,1589500799999,22075904.00892570,68377,246977.73333000,10750202.84908910,0
2020-05-15,43.99000000,44.14000000,41.82000000,42.74000000,468836.21013000,1589587199999,20206122.35008290,68163,229216.84272000,9880705.98409490,0
2020-05-16,42.73000000,43.89000000,42.50000000,43.25000000,435940.40697000,1589673599999,18877872.46500660,56811,215165.99209000,9319559.05846250,0
2020-05-17,43.25000000,44.49000000,43.10000000,43.71000000,344498.72506000,1589759999999,15154204.14561120,48482,173813.40137000,7647055.04534750,0
2020-05-18,43.70000000,46.59000000,43.64000000,45.32000000,694361.60251000,1589846399999,31432563.38476620,81539,347277.18763000,15719771.21209450,0
2020-05-19,45.33000000,45.80000000,44.07000000,45.73000000,375917.65225000,1589932799999,16910574.08702800,52707,192281.89536000,8652377.26808760,0
2020-05-20,45.73000000,46.14000000,43.17000000,44.25000000,546255.00600000,1590019199999,24521814.47657920,65389,262866.56446000,11804477.57254670,0
2020-05-21,44.24000000,44.62000000,41.66000000,42.73000000,504821.89137000,1590105599999,21790870.55849740,65461,239768.49949000,10352796.38679910,0
2020-05-22,42.72000000,44.68000000,42.35000000,44.23000000,398405.53856000,1590191999999,17376646.57299390,54144,205521.83787000,8963512.92591040,0
2020-05-23,44.22000000,44.74000000,43.67000000,43.85000000,237539.13840000,1590278399999,10485675.13475250,38049,118760.49844000,5244815.48190190,0
2020-05-24,43.84000000,44.55000000,42.04000000,42.08000000,360333.24872000,1590364799999,15692713.51769370,49205,168016.62830000,7320871.01240000,0
2020-05-25,42.08000000,43.32000000,41.72000000,42.97000000,250914.52741000,1590451199999,10724204.71769950,40826,124615.76956000,5327626.07017570,0
2020-05-26,42.99000000,43.07000000,41.76000000,42.27000000,218690.04463000,1590537599999,9289007.75262530,38218,104111.84088000,4423902.47348140,0
2020-05-27,42.26000000,44.05000000,42.22000000,43.85000000,282807.46234000,1590623999999,12241409.40459810,42540,144475.79638000,6252465.17264200,0
2020-05-28,43.86000000,44.88000000,43.15000000,44.77000000,291358.47336000,1590710399999,12814294.25870990,44203,153828.01536000,6768235.83021000,0
2020-05-29,44.77000000,45.29000000,44.17000000,44.47000000,298721.59314000,1590796799999,13357497.68287280,45012,137495.46928000,6150660.37637940,0
2020-05-30,44.49000000,48.08000000,44.18000000,47.72000000,590070.55350000,1590883199999,27463513.67988850,79436,300420.54534000,13979071.09446630,0
2020-05-31,47.72000000,47.84000000,45.07000000,45.61000000,494076.18673000,1590969599999,23046362.23318200,68650,230698.84023000,10766608.36311060,0
2020-06-01,45.60000000,48.81000000,45.36000000,48.25000000,599583.67722000,1591055999999,28169093.71173120,85242,314906.49443000,14807994.60555230,0
2020-06-02,48.26000000,49.96000000,44.00000000,45.99000000,920374.03122000,1591142399999,43606491.94942180,114367,443018.63164000,21007597.38594160,0
2020-06-03,46.01000000,47.50000000,45.25000000,47.16000000,428190.82164000,1591228799999,19934098.49867120,64465,215402.82670000,10027821.56819660,0
2020-06-04,47.15000000,48.10000000,46.15000000,47.43000000,471692.41566000,1591315199999,22364295.28136540,70634,226451.27067000,10740568.88492460,0
2020-06-05,47.43000000,47.98000000,46.42000000,46.83000000,400925.03604000,1591401599999,18974096.19022470,58184,192424.80989000,9110939.62323640,0
2020-06-06,46.80000000,47.24000000,46.07000000,46.79000000,226441.44764000,1591487999999,10574728.46211760,42622,111592.80417000,5212579.70740700,0
2020-06-07,46.79000000,46.98000000,45.06000000,46.63000000,306262.54148000,1591574399999,14151417.89659620,46193,143044.89549000,6614251.81757910,0
2020-06-08,46.60000000,46.79000000,45.95000000,46.43000000,220499.06993000,1591660799999,10227376.44310330,38235,112447.76100000,5217825.97169250,0
2020-06-09,46.45000000,46.84000000,45.31000000,45.87000000,219681.63540000,1591747199999,10109968.69807580,38178,108767.11894000,5010497.33694400,0
2020-06-10,45.89000000,47.19000000,45.65000000,46.63000000,319582.73016000,1591833599999,14778921.70622240,48823,170377.70572000,7881109.38287020,0
2020-06-11,46.63000000,46.96000000,42.00000000,43.22000000,538636.15983000,1591919999999,24131180.60416910,70189,240015.65636000,10754624.41821460,0
2020-06-12,43.22000000,45.36000000,42.81000000,44.72000000,236934.18593000,1592006399999,10491354.19738890,40477,118496.22220000,5247465.76862200,0
2020-06-13,44.72000000,45.22000000,44.27000000,45.08000000,151582.80518000,1592092799999,6775955.93118520,29696,78269.96167000,3500039.94346480,0
2020-06-14,45.09000000,45.11000000,43.53000000,44.05000000,170082.74029000,1592179199999,7542598.77662380,31779,74907.70179000,3321881.43583640,0
2020-06-15,44.04000000,44.09000000,41.75000000,43.73000000,355287.54016000,1592265599999,15285580.75242590,46769,172681.57889000,7433260.96316400,0
2020-06-16,43.73000000,44.22000000,43.33000000,43.88000000,215557.59073000,1592351999999,9436824.36940300,33537,109525.54878000,4795510.20982730,0
2020-06-17,43.90000000,45.04000000,43.00000000,44.07000000,324893.86142000,1592438399999,14346683.24048970,45652,159528.24790000,7045861.75067310,0
2020-06-18,44.07000000,44.23000000,42.88000000,43.43000000,193534.98938000,1592524799999,8454598.74234940,32774,90881.19416000,3970993.81718030,0
2020-06-19,43.43000000,43.73000000,42.57000000,42.89000000,304810.97536000,1592611199999,13177549.12879690,39094,146936.24366000,6353506.08406210,0
2020-06-20,42.89000000,43.85000000,42.21000000,43.57000000,202428.94630000,1592697599999,8709765.12076910,32764,98462.33947000,4237599.12679370,0
2020-06-21,43.57000000,43.83000000,42.88000000,43.00000000,159632.67850000,1592783999999,6913195.77116940,24986,79133.48738000,3427728.32687520,0
2020-06-22,43.00000000,44.67000000,42.94000000,44.30000000,281907.39739000,1592870399999,12383199.90917880,34486,145472.39497000,6390511.71866880,0
2020-06-23,44.30000000,44.49000000,43.89000000,44.18000000,219437.96099000,1592956799999,9687570.39903320,30539,109741.56203000,4845275.18564710,0
2020-06-24,44.18000000,44.69000000,42.10000000,42.65000000,357937.97223000,1593043199999,15461096.43979730,49816,162206.79726000,7009572.99579090,0
2020-06-25,42.65000000,43.00000000,41.68000000,42.35000000,241972.00632000,1593129599999,10274173.07595250,33515,110060.85591000,4674542.72190740,0
2020-06-26,42.34000000,43.60000000,41.37000000,43.09000000,348389.34208000,1593215999999,14853210.40445050,47569,172112.83096000,7342127.96337670,0
2020-06-27,43.10000000,43.12000000,39.11000000,41.06000000,301504.63430000,1593302399999,12500262.76828740,45758,136307.23233000,5652088.08446680,0
2020-06-28,41.04000000,42.05000000,40.48000000,41.37000000,169011.98685000,1593388799999,6984592.71455140,28350,90669.34509000,3747662.67961360,0
2020-06-29,41.37000000,42.29000000,40.59000000,41.87000000,323346.17200000,1593475199999,13400088.96156020,38361,165912.63099000,6877343.55105920,0
2020-06-30,41.87000000,42.07000000,40.73000000,41.17000000,170712.36761000,1593561599999,7047775.85010800,26189,81721.65019000,3373768.53702890,0
2020-07-01,41.16000000,42.01000000,40.96000000,41.77000000,189759.33668000,1593647999999,7889028.98142390,27100,95851.49466000,3985986.73432430,0
2020-07-02,41.76000000,41.90000000,40.28000000,41.05000000,274520.05417000,1593734399999,11294890.19572120,34825,135864.02169000,5589516.47323550,0
2020-07-03,41.03000000,41.70000000,40.89000000,41.14000000,190294.77564000,1593820799999,7860587.60401640,27007,90737.32607000,3750021.00920830,0
2020-07-04,41.13000000,42.23000000,41.06000000,42.11000000,239298.32793000,1593907199999,9986664.02902100,33010,126008.49034000,5260662.03254210,0
2020-07-05,42.11000000,42.20000000,40.75000000,41.58000000,235045.82858000,1593993599999,9752587.24294270,31821,106527.37623000,4421454.17483820,0
2020-07-06,41.58000000,44.31000000,41.50000000,44.06000000,368489.71516000,1594079999999,15857759.20918780,47338,191107.34214000,8221887.75603880,0
2020-07-07,44.07000000,44.49000000,43.06000000,43.39000000,307753.44376000,1594166399999,13417182.82094590,37184,152716.19659000,6660167.34679290,0
2020-07-08,43.39000000,45.62000000,43.10000000,45.35000000,537390.40825000,1594252799999,24100589.48945040,59397,264447.64555000,11861634.40003920,0
2020-07-09,45.35000000,45.87000000,43.57000000,44.33000000,413268.76529000,1594339199999,18508763.94747140,50271,200193.09131000,8975042.17535450,0
2020-07-10,44.34000000,44.64000000,43.44000000,44.30000000,256685.44543000,1594425599999,11325710.67233850,34160,128216.64503000,5659729.62054160,0
2020-07-11,44.32000000,44.77000000,43.85000000,44.69000000,186318.68972000,1594511999999,8259738.99826720,27163,92030.38631000,4080980.00702630,0
2020-07-12,44.68000000,45.30000000,43.70000000,44.70000000,245471.12147000,1594598399999,10954049.95872850,34963,118106.92652000,5272799.49439340,0
2020-07-13,44.72000000,45.59000000,42.31000000,43.92000000,445103.84230000,1594684799999,19783707.23924920,52216,212729.34717000,9472990.37504070,0
2020-07-14,43.91000000,44.09000000,42.86000000,43.88000000,246958.98880000,1594771199999,10753439.35248580,33873,123317.32656000,5371228.43195330,0
2020-07-15,43.88000000,44.06000000,42.81000000,43.33000000,216931.75920000,1594857599999,9414665.12190190,31043,104477.50596000,4535422.97277760,0
2020-07-16,43.34000000,43.49000000,40.85000000,42.09000000,389747.37081000,1594943999999,16388849.49413220,48225,184472.95298000,7757259.69449010,0
2020-07-17,42.09000000,42.49000000,41.72000000,41.90000000,201904.60020000,1595030399999,8482168.90872710,27190,104242.34237000,4379456.13242720,0
2020-07-18,41.88000000,42.90000000,41.73000000,42.45000000,171429.48278000,1595116799999,7261317.07974400,24619,80650.08669000,3418306.57464480,0
2020-07-19,42.45000000,42.89000000,41.83000000,42.64000000,195427.40326000,1595203199999,8265623.24857720,25550,101805.33968000,4305241.04322090,0
2020-07-20,42.65000000,42.79000000,41.37000000,41.94000000,180313.88112000,1595289599999,7608229.18716330,26277,84565.76150000,3568960.51194820,0
2020-07-21,41.94000000,44.11000000,41.87000000,43.77000000,314440.37624000,1595375999999,13653758.51286440,43360,163382.25868000,7093423.55834670,0
2020-07-22,43.77000000,45.12000000,43.20000000,44.96000000,335459.88539000,1595462399999,14753443.15586580,44272,173254.17012000,7618532.26590060,0
2020-07-23,44.96000000,45.63000000,44.52000000,44.94000000,432494.11351000,1595548799999,19488260.35896140,48442,215860.64094000,9727170.29327180,0
2020-07-24,44.93000000,44.96000000,43.93000000,44.11000000,246802.56871000,1595635199999,10968239.44478950,38143,114393.74225000,5085499.41342560,0
2020-07-25,44.12000000,49.52000000,44.03000000,49.16000000,908436.85403000,1595721599999,43121417.14661330,108707,496154.23219000,23538484.69691620,0
2020-07-26,49.16000000,50.79000000,47.49000000,48.10000000,895757.19561000,1595807999999,43736445.02248500,98088,443891.79158000,21668817.38783240,0
2020-07-27,48.07000000,55.83000000,46.85000000,53.28000000,1501022.71390000,1595894399999,76319950.40804790,175662,736681.75299000,37466413.48283470,0
2020-07-28,53.29000000,57.92000000,51.65000000,55.75000000,1524796.93339000,1595980799999,83657329.52223270,163363,749480.08383000,41157797.23632450,0
2020-07-29,55.76000000,56.97000000,54.65000000,55.16000000,827762.01759000,1596067199999,46195373.44725720,93016,415799.38352000,23205043.42554320,0
2020-07-30,55.17000000,58.61000000,53.91000000,56.75000000,1024240.96809000,1596153599999,57655048.24071610,110317,514826.47616000,28996317.61064730,0
2020-07-31,56.73000000,59.26000000,55.78000000,58.13000000,656214.79104000,1596239999999,37799292.05627860,82077,320754.77935000,18479271.11799440,0
2020-08-01,58.13000000,62.23000000,57.55000000,61.65000000,1209772.30685000,1596326399999,72750836.99199300,131191,615518.19648000,37019584.48383800,0
2020-08-02,61.65000000,65.17000000,51.79000000,56.77000000,1811190.59194000,1596412799999,106128081.26600310,220173,880863.20396000,51627290.80449320,0
2020-08-03,56.77000000,60.03000000,55.71000000,58.48000000,825040.86283000,1596499199999,48042233.88053290,90556,404795.53062000,23582260.37858830,0
2020-08-04,58.51000000,59.62000000,56.26000000,57.61000000,625555.61417000,1596585599999,36194009.14305420,67911,305831.40897000,17700159.30643330,0
2020-08-05,57.62000000,59.77000000,56.73000000,58.88000000,716365.47473000,1596671999999,41978222.97824190,80403,350756.44755000,20555772.31391410,0
2020-08-06,58.88000000,60.68000000,57.69000000,59.03000000,822577.34534000,1596758399999,48695999.68886760,87529,402438.86800000,23820641.47573990,0
2020-08-07,59.03000000,61.08000000,54.51000000,57.17000000,897911.44061000,1596844799999,52389315.89020900,103522,424446.49055000,24804832.62562960,0
2020-08-08,57.19000000,58.55000000,56.46000000,58.46000000,428217.70330000,1596931199999,24648595.74878790,53174,216896.16012000,12483586.70826010,0
2020-08-09,58.46000000,58.67000000,56.00000000,56.96000000,368846.69372000,1597017599999,21154392.51549480,49402,179411.32048000,10291154.74745020,0
2020-08-10,56.96000000,59.40000000,56.38000000,58.27000000,651148.79465000,1597103999999,37767773.98699430,73594,328883.32983000,19082391.39942870,0
2020-08-11,58.27000000,59.67000000,52.37000000,54.10000000,887598.71928000,1597190399999,49937919.23003560,100659,411944.45128000,23184129.98657580,0
2020-08-12,54.11000000,55.05000000,51.55000000,54.52000000,645092.49922000,1597276799999,34861226.19933420,72351,321078.72358000,17353979.38651480,0
2020-08-13,54.54000000,57.30000000,51.86000000,57.14000000,837109.90719000,1597363199999,45688905.99679910,92912,420075.97400000,22936948.18224680,0
2020-08-14,57.14000000,57.85000000,55.82000000,56.78000000,728312.30047000,1597449599999,41365693.26995390,73765,360011.73080000,20455443.26950230,0
2020-08-15,56.78000000,60.87000000,56.45000000,59.85000000,1137795.12262000,1597535999999,66736568.52031200,106793,572711.67994000,33613869.47440280,0
2020-08-16,59.85000000,64.60000000,57.80000000,63.87000000,1576897.59255000,1597622399999,97000374.93973750,152835,787172.81573000,48474380.68350420,0
2020-08-17,63.89000000,68.88000000,61.34000000,67.22000000,1790813.80276000,1597708799999,116245941.78525150,185466,904209.77896000,58775654.25993140,0
2020-08-18,67.22000000,68.37000000,63.37000000,65.40000000,1562910.41383000,1597795199999,103317811.94231660,164948,763043.00990000,50443548.77636240,0
2020-08-19,65.42000000,67.15000000,58.73000000,62.12000000,1699324.38729000,1597881599999,105697900.02547400,164176,818969.67936000,50965096.54283550,0
2020-08-20,62.08000000,63.68000000,61.00000000,62.80000000,867577.35764000,1597967999999,54226397.30215620,93332,420268.48168000,26277503.46135440,0
2020-08-21,62.80000000,63.90000000,58.77000000,59.20000000,1054292.68684000,1598054399999,64713283.32896370,119137,514400.68386000,31581584.64295510,0
2020-08-22,59.18000000,60.54000000,57.76000000,60.21000000,735637.16639000,1598140799999,43559095.84597400,79156,367093.55996000,21740287.01410670,0
2020-08-23,60.21000000,61.63000000,58.01000000,60.55000000,629697.67740000,1598227199999,37577206.23348370,71965,322530.20827000,19254138.19154940,0
2020-08-24,60.56000000,63.01000000,59.97000000,62.02000000,687323.05849000,1598313599999,42512670.17286160,77430,332580.60040000,20575002.24104820,0
2020-08-25,62.03000000,62.29000000,56.60000000,58.34000000,1171220.25124000,1598399999999,69265853.44479330,114548,574469.67005000,33993277.21547410,0
2020-08-26,58.33000000,59.10000000,57.02000000,58.10000000,663386.26018000,1598486399999,38515676.31609570,68908,332066.51954000,19280274.55775020,0
2020-08-27,58.11000000,59.24000000,53.91000000,56.10000000,975870.10827000,1598572799999,55177834.16311390,90053,462437.67755000,26154618.93196830,0
2020-08-28,56.12000000,58.28000000,55.33000000,57.38000000,644522.18905000,1598659199999,36748399.40453950,63623,309462.43338000,17642366.03719510,0
2020-08-29,57.36000000,58.18000000,56.93000000,56.97000000,408492.18575000,1598745599999,23507419.65078490,43516,204047.03051000,11744787.37901900,0
2020-08-30,56.95000000,62.95000000,56.93000000,62.89000000,839317.10194000,1598831999999,50554543.15943920,90157,430552.85021000,25907708.35222540,0
2020-08-31,62.89000000,63.70000000,60.51000000,60.92000000,680146.78621000,1598918399999,42096579.01839410,78559,335459.42238000,20772362.72002360,0
2020-09-01,60.94000000,64.31000000,59.69000000,62.69000000,972744.47944000,1599004799999,60949621.54833800,101049,492173.44724000,30847901.18358950,0
2020-09-02,62.68000000,63.19000000,56.32000000,58.06000000,934006.30005000,1599091199999,55622757.78849700,103266,431841.86826000,25735997.77666370,0
2020-09-03,58.07000000,58.62000000,45.33000000,47.28000000,1324245.74096000,1599177599999,70829796.08807980,144885,640628.65516000,34299927.08896310,0
2020-09-04,47.28000000,52.38000000,46.24000000,50.32000000,1476516.48212000,1599263999999,72672986.38757580,161363,737868.14540000,36335122.37170210,0
2020-09-05,50.33000000,51.32000000,45.21000000,47.83000000,1350657.16967000,1599350399999,64939622.89229790,133199,663428.43144000,31906892.13065310,0
2020-09-06,47.82000000,49.25000000,46.28000000,47.92000000,653592.78694000,1599436799999,31350140.48715730,69849,328381.58594000,15751018.04633880,0
2020-09-07,47.93000000,49.18000000,45.22000000,48.84000000,826692.56519000,1599523199999,39178475.90245510,83808,410105.85375000,19449439.05915320,0
2020-09-08,48.85000000,49.35000000,45.98000000,47.47000000,760182.50564000,1599609599999,36217916.46569750,77671,377343.63298000,17987567.25548380,0
2020-09-09,47.47000000,48.81000000,46.52000000,47.82000000,378772.50759000,1599695999999,18086146.48594510,38639,193684.92337000,9249207.61165820,0
2020-09-10,47.82000000,49.45000000,47.77000000,48.67000000,474471.86038000,1599782399999,23124448.15197730,45998,240972.94953000,11745508.59768410,0
2020-09-11,48.65000000,49.59000000,47.37000000,48.96000000,367092.22089000,1599868799999,17795692.85657070,37211,177236.88028000,8594505.56537800,0
2020-09-12,48.95000000,51.31000000,48.38000000,50.80000000,451949.52403000,1599955199999,22526760.70391760,40384,228929.01059000,11408092.03851400,0
2020-09-13,50.82000000,51.04000000,47.26000000,48.15000000,458828.41821000,1600041599999,22491968.40258840,47732,213748.12436000,10486592.15116440,0
2020-09-14,48.17000000,49.65000000,47.11000000,49.08000000,493683.75375000,1600127999999,23889800.05195410,48550,247129.83244000,11957884.09481610,0
2020-09-15,49.08000000,50.37000000,48.10000000,48.31000000,615374.46932000,1600214399999,30324133.00687380,55967,307005.06090000,15125953.16593560,0
2020-09-16,48.29000000,48.75000000,46.91000000,47.76000000,409293.57783000,1600300799999,19641762.86506960,39278,204653.01411000,9820771.36372530,0
2020-09-17,47.76000000,49.67000000,47.64000000,48.85000000,412392.29057000,1600387199999,20027421.96667250,37509,206211.38052000,10014215.48517440,0
2020-09-18,48.85000000,49.07000000,47.44000000,48.54000000,322351.62539000,1600473599999,15606108.20843330,29396,156393.81939000,7573486.89156970,0
2020-09-19,48.53000000,49.03000000,47.94000000,48.52000000,225043.69543000,1600559999999,10911627.63864740,20442,112627.99024000,5462964.04886030,0
2020-09-20,48.51000000,48.51000000,46.15000000,47.09000000,309678.11312000,1600646399999,14655189.82594050,32523,142861.10492000,6759984.10723960,0
2020-09-21,47.10000000,47.64000000,41.59000000,43.16000000,724381.66742000,1600732799999,32251827.73018620,67893,343226.34299000,15288997.37055890,0
2020-09-22,43.17000000,44.79000000,42.75000000,44.47000000,334632.72915000,1600819199999,14655664.32964060,30283,168596.58717000,7381171.62963010,0
2020-09-23,44.47000000,45.14000000,42.25000000,42.96000000,416831.71649000,1600905599999,18334844.49414580,40774,204291.00726000,8984772.26954640,0
2020-09-24,42.99000000,45.29000000,42.56000000,44.92000000,385922.04928000,1600991999999,17040575.24319050,37560,194166.34060000,8576185.10889750,0
2020-09-25,44.92000000,46.58000000,43.97000000,46.02000000,417026.33099000,1601078399999,18981897.44348560,40013,212534.91588000,9675910.94132530,0
2020-09-26,46.01000000,46.56000000,45.12000000,46.03000000,239828.37016000,1601164799999,11012106.72154820,24117,118046.11864000,5422038.12044230,0
2020-09-27,46.01000000,46.62000000,44.56000000,46.05000000,299821.64354000,1601251199999,13723604.17287210,28584,151072.50467000,6917044.99031370,0
2020-09-28,46.05000000,47.14000000,44.80000000,45.23000000,500347.34059000,1601337599999,23201352.78284670,41300,247438.76598000,11477857.80749120,0
2020-09-29,45.23000000,45.85000000,44.95000000,45.69000000,314875.69765000,1601423999999,14304470.51673360,24712,156180.61346000,7095826.02485980,0
2020-09-30,45.68000000,46.70000000,45.44000000,46.24000000,294138.00474000,1601510399999,13522251.93595990,25914,150850.68875000,6936169.81074340,0
2020-10-01,46.26000000,48.46000000,45.23000000,46.25000000,691422.81613000,1601596799999,32358413.41578790,61223,352951.31988000,16524494.36262680,0
2020-10-02,46.25000000,46.97000000,43.19000000,44.88000000,518670.86558000,1601683199999,23374092.72779570,45906,245115.01685000,11047655.86975370,0
2020-10-03,44.88000000,45.97000000,44.72000000,45.51000000,225825.74372000,1601769599999,10251368.17152600,20596,117872.79106000,5347530.47140370,0
2020-10-04,45.50000000,47.07000000,45.28000000,46.69000000,257423.66188000,1601855999999,11876813.22842720,23414,127273.87042000,5870617.12106770,0
2020-10-05,46.68000000,47.08000000,45.53000000,46.34000000,288147.27514000,1601942399999,13330240.06247230,27061,143899.05321000,6657788.95666720,0
2020-10-06,46.35000000,48.25000000,45.52000000,45.99000000,650720.47185000,1602028799999,30394416.86062150,54752,318918.58338000,14902841.25906720,0
2020-10-07,46.01000000,46.96000000,45.02000000,46.55000000,384596.71962000,1602115199999,17705158.85025090,37381,189124.82158000,8705686.56748570,0
2020-10-08,46.56000000,47.50000000,45.45000000,47.21000000,412581.66491000,1602201599999,19225906.32020010,40934,204398.84846000,9527961.39719500,0
2020-10-09,47.21000000,48.20000000,46.59000000,47.78000000,402514.89168000,1602287999999,19072193.16076680,39974,204067.74247000,9671665.22622900,0
2020-10-10,47.78000000,50.46000000,47.76000000,48.88000000,426163.73877000,1602374399999,21004622.66210160,49531,222092.07041000,10941653.98896730,0
2020-10-11,48.89000000,51.27000000,48.66000000,50.48000000,393329.63182000,1602460799999,19761562.47424800,43519,201289.30667000,10111832.78277510,0
2020-10-12,50.48000000,51.50000000,49.24000000,50.58000000,622150.70858000,1602547199999,31453313.26493170,58695,303659.22608000,15351526.36791900,0
2020-10-13,50.58000000,50.71000000,48.80000000,49.89000000,468445.05222000,1602633599999,23391991.81335770,43960,231580.72585000,11564665.84732050,0
2020-10-14,49.90000000,51.04000000,49.27000000,49.79000000,381873.31223000,1602719999999,19133732.71496300,40356,186044.13035000,9323600.96442670,0
2020-10-15,49.79000000,50.24000000,48.80000000,49.53000000,349966.03743000,1602806399999,17351907.64863380,36449,173216.16882000,8589966.15425060,0
2020-10-16,49.52000000,49.84000000,45.60000000,47.60000000,603775.07786000,1602892799999,28593842.01842040,66327,290094.57950000,13739162.86496460,0
2020-10-17,47.61000000,47.64000000,46.28000000,46.93000000,222964.85752000,1602979199999,10497057.83891430,26798,102254.88454000,4814583.63471670,0
2020-10-18,46.92000000,47.98000000,46.78000000,47.54000000,164733.27305000,1603065599999,7805904.88453900,18535,79176.77324000,3751650.65399880,0
2020-10-19,47.54000000,48.44000000,46.80000000,47.99000000,316808.83163000,1603151999999,15130105.41024990,33495,159555.22470000,7620023.46974430,0
2020-10-20,47.99000000,48.46000000,46.36000000,46.88000000,399254.84677000,1603238399999,18896873.09248290,39816,197771.35762000,9361414.17194100,0
2020-10-21,46.88000000,55.00000000,46.85000000,52.98000000,1425655.01750000,1603324799999,73309576.45552910,138648,725079.15159000,37303806.14425670,0
2020-10-22,52.98000000,56.31000000,52.97000000,54.35000000,1405890.00408000,1603411199999,77327816.23039190,122481,694682.79890000,38204703.63223230,0
2020-10-23,54.35000000,57.00000000,53.02000000,55.42000000,1079055.89232000,1603497599999,59587249.92748480,91699,540893.12549000,29875578.74458510,0
2020-10-24,55.41000000,59.64000000,54.83000000,59.23000000,945746.17086000,1603583999999,54668506.16515420,87804,489643.49845000,28302784.63737070,0
2020-10-25,59.22000000,60.00000000,56.53000000,58.84000000,907068.98603000,1603670399999,52879298.07858730,89548,445039.78256000,25964039.77869250,0
2020-10-26,58.83000000,59.31000000,54.94000000,56.82000000,937505.27029000,1603756799999,53674188.73906860,89363,449044.82674000,25710055.50181270,0
2020-10-27,56.80000000,59.06000000,56.46000000,57.91000000,846694.24825000,1603843199999,48919719.20005870,78399,417669.19683000,24135918.62729010,0
2020-10-28,57.90000000,60.55000000,54.71000000,55.77000000,1227549.68318000,1603929599999,70621904.72410450,116245,591082.35538000,34014945.28723470,0
2020-10-29,55.76000000,56.57000000,53.37000000,54.87000000,798253.73442000,1604015999999,44138399.06422940,68890,403372.21402000,22307672.33037570,0
2020-10-30,54.88000000,55.78000000,52.20000000,54.01000000,706074.89769000,1604102399999,38012823.48380590,63397,350097.29662000,18850346.97819490,0
2020-10-31,54.02000000,56.50000000,53.60000000,55.72000000,593903.97546000,1604188799999,32842454.19590500,57738,289767.60275000,16025413.98717380,0
2020-11-01,55.69000000,56.19000000,54.07000000,55.60000000,369373.81151000,1604275199999,20377654.86585630,34500,180004.45246000,9933133.50859160,0
2020-11-02,55.60000000,56.84000000,53.01000000,53.80000000,700498.49280000,1604361599999,38304588.60460880,61578,340465.64318000,18604902.59129360,0
2020-11-03,53.82000000,54.37000000,51.13000000,53.96000000,672320.16238000,1604447999999,35538087.92028070,64468,321561.91912000,16998842.10254000,0
2020-11-04,53.96000000,55.24000000,51.59000000,54.67000000,801009.79133000,1604534399999,42873857.89305920,71359,415343.97166000,22223471.81796840,0
2020-11-05,54.70000000,59.73000000,54.62000000,58.95000000,1366335.62939000,1604620799999,78053912.16519520,135925,680964.71467000,38926311.85293240,0
2020-11-06,58.94000000,63.68000000,58.61000000,63.20000000,1735473.54314000,1604707199999,106582211.42003290,177692,869043.66618000,53391047.47900310,0
2020-11-07,63.22000000,64.77000000,57.00000000,58.90000000,1655539.62718000,1604793599999,101656386.78193110,172494,784770.87941000,48242380.60123660,0
2020-11-08,58.90000000,62.03000000,58.52000000,61.02000000,795875.09498000,1604879999999,47974026.23254540,76411,394436.82262000,23785624.22038030,0
2020-11-09,61.00000000,61.86000000,57.37000000,59.23000000,997800.78526000,1604966399999,59500899.16660130,97529,515685.77076000,30775370.32553060,0
2020-11-10,59.22000000,59.60000000,57.04000000,57.93000000,639990.21607000,1605052799999,37334044.15505240,70862,318900.61100000,18604130.43636540,0
2020-11-11,57.94000000,60.53000000,57.80000000,59.27000000,824536.88147000,1605139199999,49135913.09168620,83030,417061.53867000,24853162.21172920,0
2020-11-12,59.28000000,60.82000000,57.60000000,60.72000000,830578.26228000,1605225599999,48949867.85248480,87671,427182.17021000,25201482.85570500,0
2020-11-13,60.72000000,66.66000000,60.14000000,65.96000000,1974381.67036000,1605311999999,125824947.00145050,257296,1005155.89444000,64082055.57596840,0
2020-11-14,65.96000000,66.32000000,61.63000000,63.85000000,1017826.05829000,1605398399999,64664038.17161870,163536,495114.97059000,31460597.72767740,0
2020-11-15,63.83000000,64.43000000,61.08000000,62.28000000,685249.75502000,1605484799999,42937719.07819670,87860,334468.71196000,20965116.90247400,0
2020-11-16,62.29000000,74.62000000,62.08000000,73.84000000,2526207.15962000,1605571199999,174408345.83858920,291414,1282673.46123000,88581945.57070650,0
2020-11-17,73.83000000,77.00000000,71.36000000,76.32000000,2844994.89879000,1605657599999,210321473.62892260,366969,1462222.23002000,108152673.22485660,0
2020-11-18,76.32000000,77.13000000,67.77000000,73.42000000,2653342.04102000,1605743999999,193749896.69494280,286533,1303783.45836000,95320070.99924670,0
2020-11-19,73.41000000,83.40000000,71.47000000,81.53000000,2773824.05583000,1605830399999,216138873.57441060,385582,1380965.75870000,107583945.92789800,0
2020-11-20,81.54000000,85.63000000,79.99000000,82.53000000,2386175.15236000,1605916799999,196229165.30655740,331704,1212746.70199000,99732049.34432150,0
2020-11-21,82.55000000,88.50000000,80.10000000,87.14000000,2521719.40828000,1606003199999,212594343.03374600,297869,1273221.53915000,107377751.65453540,0
2020-11-22,87.09000000,87.92000000,77.30000000,82.87000000,2048304.58082000,1606089599999,171408076.02708960,238468,1004587.20876000,84127858.46599980,0
2020-11-23,82.87000000,90.93000000,80.80000000,89.03000000,2535636.06789000,1606175999999,220072734.19002820,289664,1291947.65348000,112179018.49560960,0
2020-11-24,89.04000000,94.02000000,84.60000000,89.25000000,2621715.64303000,1606262399999,235080123.59422530,353058,1326792.51800000,118998399.32573950,0
2020-11-25,89.27000000,90.76000000,78.05000000,81.75000000,1631940.24087000,1606348799999,141140495.30034310,212329,793521.28702000,68699428.15857520,0
2020-11-26,81.75000000,83.29000000,64.45000000,71.00000000,3435959.29518000,1606435199999,251435782.40591920,422548,1686142.38290000,123458253.93541450,0
2020-11-27,70.99000000,73.50000000,65.30000000,69.15000000,1707521.50402000,1606521599999,118203288.93025820,213682,855364.47230000,59198087.49216650,0
2020-11-28,69.18000000,74.97000000,68.26000000,72.70000000,1483068.35897000,1606607999999,106171116.74075720,181396,746710.33955000,53477645.17603400,0
2020-11-29,72.68000000,81.07000000,71.51000000,78.91000000,1514540.21111000,1606694399999,115532599.72874420,229427,772594.41194000,58917554.49669190,0
2020-11-30,78.89000000,88.46000000,76.63000000,87.65000000,2118965.66781000,1606780799999,176439147.75400770,301333,1090788.71223000,90949155.35745820,0
2020-12-01,87.66000000,93.01000000,79.56000000,85.08000000,3600461.26285000,1606867199999,316329074.08037720,538823,1783622.37386000,156870703.67222390,0
2020-12-02,85.07000000,90.63000000,82.61000000,88.90000000,2135078.47937000,1606953599999,185587960.28621110,348663,1055779.62977000,91845568.33316460,0
2020-12-03,88.89000000,91.50000000,85.46000000,89.00000000,1690248.45885000,1607039999999,149648537.47962460,299422,839927.22355000,74388695.70751430,0
2020-12-04,89.01000000,89.84000000,77.80000000,79.52000000,1701697.85317000,1607126399999,144315548.66815000,233567,793289.48628000,67362727.21908370,0
2020-12-05,79.52000000,84.28000000,78.61000000,83.14000000,1278363.44579000,1607212799999,104622408.56423110,183040,605934.03163000,49634431.19392520,0
2020-12-06,83.11000000,85.19000000,80.31000000,83.55000000,921046.75996000,1607299199999,76405873.32399230,139936,459250.82573000,38104662.77423920,0
2020-12-07,83.54000000,86.87000000,81.73000000,83.37000000,1145446.47407000,1607385599999,96166838.18654230,194711,570198.80331000,47867996.99747290,0
2020-12-08,83.37000000,84.83000000,75.41000000,76.76000000,1230953.86975000,1607471999999,98587741.41994290,217078,590692.87106000,47321722.15503320,0
2020-12-09,76.75000000,78.14000000,72.13000000,77.41000000,1378314.59353000,1607558399999,104645905.65622710,184970,695445.23973000,52807978.00213450,0
2020-12-10,77.41000000,77.66000000,72.51000000,74.70000000,900570.55820000,1607644799999,67806633.69941120,107088,435349.90080000,32796515.97420750,0
2020-12-11,74.77000000,75.09000000,69.87000000,72.20000000,1484095.85234000,1607731199999,106519712.19561320,171384,735789.83478000,52810720.16918540,0
2020-12-12,72.20000000,77.58000000,71.97000000,76.67000000,872394.12884000,1607817599999,65737747.08033730,127433,461836.00294000,34805254.64326050,0
2020-12-13,76.64000000,84.38000000,75.52000000,82.28000000,1278882.98328000,1607903999999,102688853.34340670,188999,650006.13424000,52202255.04146960,0
2020-12-14,82.27000000,82.98000000,79.11000000,82.35000000,1102081.73026000,1607990399999,89440711.00028510,174704,557959.54365000,45290699.00036430,0
2020-12-15,82.38000000,84.93000000,80.39000000,81.32000000,1348469.20889000,1608076799999,110776073.60655390,228718,677154.06330000,55642669.89041490,0
2020-12-16,81.36000000,93.44000000,78.31000000,92.94000000,2349124.19924000,1608163199999,201924000.21168020,299842,1177677.02166000,101266900.27535220,0
2020-12-17,92.94000000,109.80000000,90.00000000,101.01000000,4161454.89253000,1608249599999,414585850.69950550,605965,2047241.32630000,203918902.57042570,0
2020-12-18,100.99000000,112.88000000,99.24000000,109.34000000,3141671.53609000,1608335999999,337670222.20905700,569257,1570795.93919000,168908812.69594440,0
2020-12-19,109.34000000,124.24000000,105.31000000,119.85000000,2753360.19971000,1608422399999,316850965.36465900,489308,1386427.90328000,159698538.23456240,0
2020-12-20,119.85000000,123.21000000,109.76000000,114.58000000,2671305.32839000,1608508799999,313367367.83265300,513158,1312221.54526000,154094701.59150490,0
2020-12-21,114.59000000,118.65000000,100.31000000,104.45000000,2599527.81365000,1608595199999,283146069.81855130,401306,1225838.55563000,133833670.10121840,0
2020-12-22,104.48000000,114.63000000,98.35000000,114.32000000,3210319.32528000,1608681599999,342738420.00107190,479898,1626183.99647000,173891919.83400680,0
2020-12-23,114.31000000,117.29000000,95.23000000,102.45000000,3923591.07434000,1608767999999,424020893.51979370,666325,1902847.44999000,205804202.65484660,0
2020-12-24,102.46000000,112.32000000,98.55000000,111.13000000,2696980.51697000,1608854399999,282469396.37839040,439395,1351979.47635000,141689110.19028790,0
2020-12-25,111.13000000,128.63000000,108.18000000,127.78000000,3117913.94898000,1608940799999,370546271.46844690,517497,1609513.43168000,191300456.33123570,0
2020-12-26,127.74000000,135.19000000,124.94000000,129.61000000,3461075.64730000,1609027199999,449830180.98402050,532001,1740153.09123000,226276247.55938480,0
2020-12-27,129.61000000,139.47000000,121.88000000,127.88000000,3743173.13001000,1609113599999,494840941.24771680,620934,1861449.86344000,246025995.35329500,0
2020-12-28,127.83000000,137.41000000,126.37000000,129.83000000,2349842.95502000,1609199999999,309678082.06320830,441642,1180375.50184000,155538274.89898120,0
2020-12-29,129.84000000,130.90000000,120.00000000,128.80000000,1732248.38409000,1609286399999,218608845.40846340,395856,856257.65594000,108074532.25353850,0
2020-12-30,128.80000000,133.11000000,122.63000000,130.05000000,1727676.64100000,1609372799999,220908109.43469750,433275,871145.68362000,111450462.78157090,0
2020-12-31,130.06000000,130.35000000,121.98000000,124.21000000,1248723.03424000,1609459199999,156991311.03482110,276558,611576.68160000,76895708.70516120,0
2021-01-01,124.22000000,133.97000000,122.89000000,126.24000000,1539801.80815000,1609545599999,197556175.35603690,349403,774044.64682000,99343347.85825340,0
2021-01-02,126.20000000,142.00000000,123.15000000,136.96000000,2442266.76500000,1609631999999,323461384.15540430,569576,1231554.82173000,163210674.14196430,0
2021-01-03,136.94000000,164.70000000,135.30000000,161.24000000,3813834.07669000,1609718399999,568621276.83870680,861814,2011044.64195000,299961529.53033950,0
2021-01-04,161.23000000,173.66000000,139.31000000,155.34000000,3530422.20392000,1609804799999,551040498.87548890,869279,1756052.47648000,274383365.71091060,0
2021-01-05,155.33000000,162.80000000,146.52000000,158.43000000,1998205.92425000,1609891199999,308980342.19901610,477603,979205.18314000,151487230.06416180,0
2021-01-06,158.46000000,169.72000000,154.95000000,168.92000000,1857831.43166000,1609977599999,302208185.27993690,538480,959881.68331000,156239121.73206670,0
2021-01-07,168.96000000,181.22000000,161.18000000,169.35000000,2493533.99480000,1610063999999,424745168.46115310,821999,1259034.92458000,214619728.77886290,0
2021-01-08,169.35000000,181.92000000,150.00000000,172.19000000,2843159.70340000,1610150399999,479867965.46564610,920205,1364861.50667000,230726268.32457180,0
2021-01-09,172.28000000,178.80000000,163.30000000,177.26000000,1749781.84973000,1610236799999,299170389.28691810,627933,885341.30263000,151372860.04598540,0
2021-01-10,177.27000000,185.83000000,161.86000000,170.07000000,2269705.04460000,1610323199999,397700165.56037810,758526,1119665.73786000,196456832.16464720,0
2021-01-11,170.06000000,170.74000000,112.70000000,138.87000000,4989528.65149000,1610409599999,676718971.80544480,1330771,2438118.48392000,330611847.48000510,0
2021-01-12,138.88000000,146.86000000,128.00000000,133.42000000,2825579.61257000,1610495999999,388334448.47173540,705629,1412060.08561000,194093919.06292800,0
2021-01-13,133.44000000,148.46000000,125.90000000,147.38000000,2153426.27798000,1610582399999,294745960.68489740,591714,1128774.33684000,154745131.32057600,0
2021-01-14,147.39000000,156.89000000,143.55000000,152.50000000,2033762.60027000,1610668799999,304472230.40606090,558995,1021749.67464000,153033184.51457530,0
2021-01-15,152.46000000,155.74000000,130.00000000,143.65000000,2104225.51210000,1610755199999,304793400.39795030,651698,1034055.24494000,150008938.82337090,0
2021-01-16,143.66000000,152.59000000,139.28000000,143.52000000,1784053.82975000,1610841599999,260477969.60666860,540898,901769.98160000,131680425.03408390,0
2021-01-17,143.52000000,147.00000000,136.22000000,142.80000000,1379082.37920000,1610927999999,195777669.99104870,431558,679465.24934000,96490798.55182370,0
2021-01-18,142.78000000,154.99000000,138.44000000,151.96000000,1644947.14813000,1611014399999,242255237.74433520,458723,833987.17925000,122895416.09997450,0
2021-01-19,151.97000000,166.02000000,150.18000000,151.86000000,2288798.47777000,1611100799999,364329170.43716040,772775,1142013.14139000,181797603.95441460,0
2021-01-20,151.85000000,156.15000000,138.40000000,149.69000000,2037654.31965000,1611187199999,300191114.56867930,621515,1009456.41190000,148796307.28837070,0
2021-01-21,149.67000000,150.25000000,125.64000000,129.72000000,2114912.93172000,1611273599999,288136729.75040450,614839,1038649.32644000,141536980.08463660,0
2021-01-22,129.70000000,141.85000000,122.70000000,137.66000000,1979078.00560000,1611359999999,267423454.47647860,686050,1020510.82992000,138063995.51678770,0
2021-01-23,137.65000000,143.52000000,135.05000000,137.67000000,969988.56158000,1611446399999,134724709.09932060,364548,498210.53526000,69203550.31347690,0
2021-01-24,137.66000000,142.65000000,133.73000000,141.01000000,917459.85058000,1611532799999,127591959.12300120,278269,461996.46439000,64266237.64601520,0
2021-01-25,141.01000000,147.87000000,136.62000000,137.07000000,1380902.39350000,1611619199999,197598742.36257960,410581,685900.89221000,98231804.04706050,0
2021-01-26,137.07000000,139.76000000,127.85000000,134.67000000,1093141.08136000,1611705599999,146658904.32979730,348427,552832.08346000,74155850.29801710,0
2021-01-27,134.69000000,134.96000000,118.13000000,122.44000000,1240323.68178000,1611791999999,155421717.59061670,438691,604021.13500000,75688354.53011680,0
2021-01-28,122.45000000,135.84000000,120.74000000,133.27000000,1074760.50528000,1611878399999,139123165.54044950,388459,549424.38816000,71157975.91624820,0
2021-01-29,133.25000000,145.50000000,131.44000000,134.65000000,2193040.38440000,1611964799999,302900712.68772330,675138,1097571.26311000,151726390.02976430,0
2021-01-30,134.67000000,136.23000000,128.02000000,133.36000000,1215569.95596000,1612051199999,160309617.01478010,384066,611800.50559000,80722771.26523120,0
2021-01-31,133.35000000,135.06000000,125.67000000,129.36000000,917993.35191000,1612137599999,119233545.98228610,274128,457225.70711000,59402639.93488860,0
2021-02-01,129.37000000,136.63000000,125.95000000,132.00000000,1167609.37029000,1612223999999,153549752.23816480,318786,571215.57576000,75103789.75088390,0
2021-02-02,131.99000000,145.82000000,131.87000000,141.98000000,1884558.49538000,1612310399999,265593003.27596420,497429,975904.65209000,137602688.70308690,0
2021-02-03,141.96000000,156.70000000,141.92000000,155.93000000,1820822.28924000,1612396799999,276355784.68062930,506675,944776.41996000,143411232.63555800,0
2021-02-04,155.94000000,158.68000000,141.03000000,145.07000000,1766938.56965000,1612483199999,263741634.94941890,476673,866370.44897000,129341654.03946220,0
2021-02-05,145.05000000,156.93000000,143.45000000,155.05000000,1572009.29596000,1612569599999,239251271.38727440,373144,708854.76489000,107847023.46541910,0
2021-02-06,155.05000000,164.27000000,149.82000000,155.57000000,1879526.24312000,1612655999999,298721059.75690770,508088,916632.35510000,145686099.28912390,0
2021-02-07,155.57000000,157.29000000,145.23000000,150.76000000,1259975.92894000,1612742399999,190631760.74434170,393232,614509.21424000,93011959.29193260,0
2021-02-08,150.76000000,169.38000000,147.76000000,167.28000000,1894490.90608000,1612828799999,301611530.01698200,517962,974208.68612000,155207430.13313250,0
2021-02-09,167.28000000,184.49000000,164.22000000,181.49000000,1981149.12366000,1612915199999,339741920.43175130,602539,991197.70131000,170078048.61647010,0
2021-02-10,181.52000000,195.17000000,169.57000000,181.56000000,2781973.96254000,1613001599999,511568659.87450640,921888,1360936.82564000,250190423.84130810,0
2021-02-11,181.59000000,193.59000000,175.72000000,183.62000000,1664189.08770000,1613087999999,309306444.73788820,505129,823702.04158000,153112946.24420760,0
2021-02-12,183.62000000,199.84000000,176.75000000,196.69000000,1946870.34253000,1613174399999,364142891.78315250,593794,995322.75441000,186248760.20416310,0
2021-02-13,196.71000000,229.07000000,191.45000000,225.76000000,2843517.28691000,1613260799999,594221999.90048800,857965,1446133.95797000,302664294.62195680,0
2021-02-14,225.77000000,230.77000000,208.11000000,213.49000000,1765475.48101000,1613347199999,387593416.69748830,796054,867070.38366000,190532009.90228490,0
2021-02-15,213.47000000,219.99000000,185.31000000,207.83000000,2173405.17958000,1613433599999,447239834.95548890,683757,1069291.45381000,220253340.68097300,0
2021-02-16,208.03000000,222.48000000,200.10000000,210.26000000,1660812.39786000,1613519999999,351273131.92534750,582957,818307.63977000,173185884.64727900,0
2021-02-17,210.23000000,237.75000000,203.37000000,237.49000000,1839179.97093000,1613606399999,409828549.42424460,741367,960810.76058000,214283011.66629550,0
2021-02-18,237.39000000,239.18000000,221.00000000,226.59000000,1580820.71000000,1613692799999,362511271.60783230,703424,787973.76974000,180686221.71538180,0
2021-02-19,226.58000000,241.92000000,220.06000000,236.50000000,1402427.87852000,1613779199999,325090696.92357710,572472,708936.52334000,164460026.87381830,0
2021-02-20,236.45000000,247.04000000,214.02000000,226.65000000,1701950.27455000,1613865599999,401705947.58883950,694031,824489.94329000,194873864.24934040,0
2021-02-21,226.77000000,233.78000000,220.06000000,227.13000000,1268407.03046000,1613951999999,288545534.88444690,547213,635568.25030000,144574528.40158750,0
2021-02-22,227.17000000,227.39000000,180.00000000,208.32000000,2556958.22160000,1614038399999,530466837.05542020,722624,1248637.89300000,259168819.23922740,0
2021-02-23,208.10000000,208.80000000,157.29000000,177.34000000,3669737.32689000,1614124799999,656297107.87391790,879269,1823463.56719000,325955738.68275870,0
2021-02-24,177.35000000,189.46000000,169.08000000,181.43000000,1827554.60176000,1614211199999,331667058.02782560,551322,919774.96133000,166940050.21977150,0
2021-02-25,181.43000000,205.21000000,175.00000000,179.36000000,1961972.04220000,1614297599999,374933085.95019480,702585,993823.49266000,190018740.38173920,0
2021-02-26,179.36000000,182.86000000,162.74000000,170.25000000,2180233.25143000,1614383999999,376896603.42819400,787789,1081844.58664000,187047542.34876560,0
2021-02-27,170.20000000,180.48000000,167.13000000,171.76000000,1113606.44010000,1614470399999,194721552.36965730,399095,560227.26176000,98003408.31906910,0
2021-02-28,171.75000000,173.42000000,152.88000000,165.22000000,1682228.22219000,1614556799999,270779244.86199550,505205,842254.37757000,135601050.83552600,0
2021-03-01,165.27000000,176.46000000,163.30000000,175.89000000,1216268.49518000,1614643199999,206763547.48994870,379963,633950.24813000,107777727.79402930,0
2021-03-02,175.90000000,185.32000000,170.69000000,179.08000000,1441741.00235000,1614729599999,255346162.55104910,431134,729710.43408000,129207168.84431140,0
2021-03-03,179.06000000,196.49000000,176.79000000,187.64000000,1873295.01116000,1614815999999,356756304.15106600,875356,963464.71246000,183451255.74303130,0
2021-03-04,187.70000000,194.40000000,176.83000000,180.67000000,1485337.09208000,1614902399999,275358427.62702170,595968,720510.55503000,133618218.97010170,0
2021-03-05,180.66000000,183.57000000,168.50000000,180.23000000,1182501.69882000,1614988799999,206736683.42664490,410149,589202.04405000,102975667.24725800,0
2021-03-06,180.21000000,184.67000000,174.68000000,182.85000000,935959.96790000,1615075199999,169045674.01508680,441332,448992.60462000,81114464.11396950,0
2021-03-07,182.86000000,192.24000000,182.25000000,190.75000000,820418.23901000,1615161599999,153066685.71137090,315993,407343.18364000,76007399.63496300,0
2021-03-08,190.75000000,195.28000000,179.58000000,191.85000000,1171979.04352000,1615247999999,218298243.74947130,505799,602323.18879000,112098068.19478010,0
2021-03-09,191.86000000,205.00000000,188.92000000,203.81000000,1279698.49896000,1615334399999,253719098.46101130,522687,645374.71425000,128009285.94735830,0
2021-03-10,203.80000000,208.00000000,191.47000000,200.29000000,1422079.58464000,1615420799999,285300116.82579080,530224,714343.01773000,143454346.53945140,0
2021-03-11,200.29000000,203.54000000,191.03000000,201.36000000,981380.12090000,1615507199999,194448681.75772490,462332,503785.49713000,99797507.62359680,0
2021-03-12,201.37000000,224.23000000,198.41000000,220.84000000,2081683.73697000,1615593599999,438911699.79576790,917834,1059650.68295000,223587158.62323920,0
2021-03-13,220.80000000,230.23000000,212.70000000,226.06000000,1330663.68103000,1615679999999,296844070.67501210,628460,655985.41754000,146347747.38216800,0
2021-03-14,226.08000000,228.12000000,213.84000000,213.94000000,806542.74173000,1615766399999,177641500.66546790,544634,391383.72783000,86204143.36700120,0
2021-03-15,214.00000000,222.58000000,197.56000000,200.59000000,1413381.72445000,1615852799999,291674163.58328460,664599,703037.22236000,145050027.28762330,0
2021-03-16,200.59000000,205.53000000,191.15000000,201.60000000,1063051.80222000,1615939199999,211789426.17654140,673355,533223.64094000,106261529.73210920,0
2021-03-17,201.61000000,206.94000000,194.13000000,205.98000000,885644.66746000,1616025599999,177676188.78158600,377115,447412.73890000,89793638.99017390,0
2021-03-18,205.96000000,208.25000000,199.13000000,199.70000000,774419.42586000,1616111999999,158187015.59039250,321685,383192.32277000,78255931.92896530,0
2021-03-19,199.72000000,205.00000000,195.81000000,199.96000000,536877.41275000,1616198399999,108136182.16199880,252495,265032.32975000,53410582.82455350,0
2021-03-20,199.96000000,206.10000000,198.82000000,200.17000000,473637.43878000,1616284799999,96021040.47430020,215400,231961.04691000,47030873.93033530,0
2021-03-21,200.16000000,202.00000000,192.00000000,195.31000000,581731.80679000,1616371199999,114260221.42387090,242743,275162.22586000,54037572.21894290,0
2021-03-22,195.33000000,199.00000000,184.42000000,185.67000000,725506.72916000,1616457599999,139983277.96370570,392568,354646.43153000,68469075.88259590,0
2021-03-23,185.69000000,189.44000000,181.12000000,185.83000000,638849.27686000,1616543999999,118859058.10841630,294177,315275.32894000,58656740.50001300,0
2021-03-24,185.82000000,197.17000000,172.00000000,176.05000000,1189902.97985000,1616630399999,224797613.39403940,759498,582580.21094000,110130158.01895900,0
2021-03-25,176.05000000,179.03000000,167.86000000,171.53000000,956666.86464000,1616716799999,166128051.96272710,360595,470474.94482000,81731244.89838590,0
2021-03-26,171.53000000,183.82000000,171.44000000,183.45000000,721838.20194000,1616803199999,128689980.69564080,294780,363871.23015000,64884369.16557120,0
2021-03-27,183.44000000,186.12000000,177.75000000,184.06000000,475886.83873000,1616889599999,86757743.80726390,215335,243143.80697000,44331438.52819250,0
2021-03-28,184.06000000,187.29000000,180.00000000,184.24000000,380545.16211000,1616975999999,70082688.39183180,185442,179296.03859000,33027767.07342360,0
2021-03-29,184.22000000,197.60000000,182.45000000,193.73000000,904774.30423000,1617062399999,174709382.24257770,617887,461727.55725000,89162849.58563030,0
2021-03-30,193.73000000,200.09000000,190.34000000,195.74000000,932290.64980000,1617148799999,181705740.05520250,422614,471620.40771000,91917838.37476480,0
2021-03-31,195.71000000,198.99000000,187.00000000,196.70000000,698229.63786000,1617235199999,135030259.12443610,333698,350689.46704000,67839751.32990810,0
2021-04-01,196.69000000,205.00000000,194.00000000,202.86000000,876741.40869000,1617321599999,174997120.95383920,376746,446473.68027000,89140726.09366380,0
2021-04-02,202.87000000,213.77000000,200.78000000,211.46000000,942970.73038000,1617407999999,194551967.42075160,417200,473711.68012000,97767380.81087540,0
2021-04-03,211.44000000,217.97000000,194.85000000,195.23000000,956126.60492000,1617494399999,199480758.09639090,454454,468771.97526000,97872241.82059270,0
2021-04-04,195.17000000,204.92000000,192.22000000,202.21000000,565154.10714000,1617580799999,113374291.83226120,279997,280714.26420000,56341983.22917800,0
2021-04-05,202.24000000,225.47000000,198.07000000,221.48000000,1329743.76130000,1617667199999,281341829.94907690,578386,685041.12811000,145087501.28661860,0
2021-04-06,221.48000000,244.59000000,212.97000000,237.04000000,2444849.53403000,1617753599999,562645677.67363840,999550,1252459.61950000,288392529.77945470,0
2021-04-07,236.96000000,242.99000000,210.77000000,219.05000000,2263475.46520000,1617839999999,510345556.65848190,906049,1112391.73937000,250943125.06111610,0
2021-04-08,219.22000000,228.21000000,216.89000000,226.11000000,1074942.89645000,1617926399999,239958597.00822180,443718,543199.93749000,121244878.63713930,0
2021-04-09,226.17000000,228.99000000,218.72000000,221.12000000,688918.82150000,1618012799999,154922336.45739250,339204,329722.53873000,74172020.38552240,0
2021-04-10,221.13000000,257.00000000,219.16000000,256.34000000,1859281.88304000,1618099199999,441762890.57776680,649633,968930.67071000,230571111.33526560,0
2021-04-11,256.55000000,263.62000000,244.77000000,252.31000000,1890765.80129000,1618185599999,480319111.43279310,872731,945076.40143000,240120644.15459510,0
2021-04-12,252.35000000,259.94000000,240.01000000,244.42000000,1370860.16310000,1618271999999,341852773.15015150,467982,683136.82521000,170447279.76776600,0
2021-04-13,244.44000000,273.54000000,244.36000000,267.59000000,1931888.55344000,1618358399999,506855226.96925550,767892,968883.80432000,254292955.54182720,0
2021-04-14,267.61000000,283.00000000,255.00000000,278.86000000,1989435.79148000,1618444799999,539680828.95160290,748320,1002510.76763000,272152784.43154950,0
2021-04-15,278.80000000,290.90000000,266.00000000,285.63000000,1409760.53776000,1618531199999,392118228.68401590,685535,723182.50725000,201360665.43012860,0
2021-04-16,285.64000000,317.09000000,265.50000000,308.43000000,3150447.99928000,1618617599999,924239206.05511810,1289085,1604340.09015000,470768551.90368090,0
2021-04-17,308.39000000,335.69000000,296.75000000,300.86000000,2574519.63550000,1618703999999,817941072.73635170,1228519,1301465.48450000,413592752.70081070,0
2021-04-18,300.87000000,304.83000000,231.10000000,273.36000000,3346589.56812000,1618790399999,892238974.66476130,1132078,1682056.56666000,448297530.82707470,0
2021-04-19,273.35000000,284.39000000,250.21000000,261.38000000,1973511.87573000,1618876799999,526834098.15997010,752375,989903.16739000,264595427.45419520,0
2021-04-20,261.47000000,272.80000000,234.31000000,260.68000000,2111225.32553000,1618963199999,539480456.62286660,807636,1045319.25671000,267296679.99621360,0
2021-04-21,260.73000000,277.00000000,250.75000000,257.69000000,1841080.20554000,1619049599999,486078239.63091110,770239,912336.68966000,241010746.19610520,0
2021-04-22,257.63000000,289.61000000,239.00000000,252.50000000,2858792.51437000,1619135999999,768476292.53736070,1210366,1432931.72954000,385424393.25163660,0
2021-04-23,252.60000000,257.15000000,206.89000000,241.31000000,2866031.89172000,1619222399999,665705477.38049590,1017903,1431737.08579000,332682375.93024480,0
2021-04-24,241.31000000,241.41000000,220.34000000,224.75000000,1152968.01885000,1619308799999,264865552.23020620,395280,582086.73145000,133734848.16305070,0
2021-04-25,224.76000000,235.80000000,210.73000000,223.88000000,928460.21980000,1619395199999,209320711.90608280,370148,465835.58931000,105067864.79787830,0
2021-04-26,223.90000000,248.20000000,221.24000000,247.42000000,1236470.27391000,1619481599999,297406460.01642860,444245,644579.31799000,155070606.14692670,0
2021-04-27,247.40000000,263.15000000,243.63000000,259.77000000,1114182.69248000,1619567999999,283202344.99581800,440412,575361.14306000,146232235.61229810,0
2021-04-28,259.77000000,266.94000000,247.58000000,258.51000000,1014038.43734000,1619654399999,259424641.25487440,373054,509605.52965000,130435093.25397740,0
2021-04-29,258.50000000,262.89000000,248.16000000,255.31000000,877558.78530000,1619740799999,223881131.70674780,301941,434309.10973000,110783860.42018500,0
2021-04-30,255.31000000,273.58000000,252.61000000,271.13000000,1037748.69625000,1619827199999,274406726.43029060,378415,525194.07625000,138845734.67113370,0
2021-05-01,271.14000000,278.58000000,265.90000000,276.78000000,759685.23196000,1619913599999,206313142.37866570,298804,394444.53449000,107141364.90694630,0
2021-05-02,276.77000000,277.47000000,264.70000000,268.88000000,656429.21428000,1619999999999,177326870.52538420,240118,334587.08164000,90378687.15221460,0
2021-05-03,268.83000000,299.72000000,268.44000000,294.87000000,1427253.57143000,1620086399999,406345333.74404910,551451,741571.36225000,211273296.54051310,0
2021-05-04,294.73000000,327.68000000,270.00000000,305.23000000,3939316.56899000,1620172799999,1195932190.83950180,1508821,1956579.04576000,593733728.24148680,0
2021-05-05,305.24000000,360.00000000,300.52000000,356.04000000,3748897.98686000,1620259199999,1271930983.03431820,1614035,1886405.01435000,640411029.33144030,0
2021-05-06,356.03000000,364.93000000,318.00000000,354.67000000,2752093.00755000,1620345599999,941466204.16390980,1185399,1386633.82425000,474650164.31048480,0
2021-05-07,354.52000000,374.50000000,333.33000000,344.89000000,2822668.46597000,1620431999999,1005644474.31054650,1164243,1420920.55941000,506510852.93747180,0
2021-05-08,344.89000000,356.68000000,334.00000000,347.10000000,1327716.19070000,1620518399999,458585347.67560400,559015,660920.37589000,228284580.04320810,0
2021-05-09,347.17000000,389.00000000,333.51000000,387.80000000,2292100.05852000,1620604799999,824990298.57028290,1067219,1175795.91080000,423435812.09366690,0
2021-05-10,387.77000000,413.49000000,333.68000000,358.89000000,3830553.73813000,1620691199999,1474442115.44516500,1832583,1907838.06727000,734412974.14366660,0
2021-05-11,358.93000000,379.72000000,345.00000000,377.60000000,2031121.35038000,1620777599999,731791805.44268080,794827,1045474.00633000,376977821.60336200,0
2021-05-12,377.80000000,394.37000000,301.00000000,310.40000000,2537826.91562000,1620863999999,909685569.02433730,927202,1240814.85922000,446016465.02994690,0
2021-05-13,310.40000000,332.73000000,291.00000000,317.95000000,2979065.55728000,1620950399999,939891706.79567190,941387,1462053.82162000,461222753.33359770,0
2021-05-14,317.95000000,338.85000000,307.96000000,326.23000000,1482325.51445000,1621036799999,479155547.23975750,552625,756132.19975000,244359563.08258840,0
2021-05-15,326.24000000,332.00000000,296.17000000,300.30000000,1486176.50537000,1621123199999,464489234.47244340,520785,729306.79024000,228064657.39728770,0
2021-05-16,300.22000000,323.95000000,279.66000000,295.89000000,1693568.12752000,1621209599999,510240764.03318640,547969,833412.46333000,251344538.77044290,0
2021-05-17,295.89000000,296.34000000,261.27000000,281.53000000,2079261.84526000,1621295999999,581793612.05452120,660117,1024669.17386000,286826566.20876940,0
2021-05-18,281.38000000,317.97000000,278.32000000,293.98000000,2558765.69804000,1621382399999,770914140.97824320,1070794,1284843.87705000,387205335.01365640,0
2021-05-19,293.98000000,300.31000000,147.00000000,185.93000000,6731555.34383000,1621468799999,1486762183.64972800,1602000,3297361.29453000,727656288.80660420,0
2021-05-20,186.31000000,225.00000000,166.45000000,210.74000000,4269465.92695000,1621555199999,857612372.38714210,1027162,2103734.33570000,422888147.85029580,0
2021-05-21,210.66000000,219.12000000,156.56000000,179.97000000,2998819.79591000,1621641599999,567897537.02029270,801082,1493045.63294000,283051595.48287120,0
2021-05-22,179.97000000,184.44000000,161.61000000,169.32000000,1983438.52337000,1621727999999,345969489.80721260,503784,992731.86653000,173137307.68609980,0
2021-05-23,169.30000000,176.26000000,118.03000000,142.39000000,3854006.12408000,1621814399999,548343321.08720380,846183,1927253.83304000,274130951.12487690,0
2021-05-24,142.52000000,185.37000000,139.54000000,185.32000000,2491240.93285000,1621900799999,404399573.70826260,647402,1290927.20492000,209662086.85783690,0
2021-05-25,185.32000000,194.61000000,167.15000000,183.76000000,1974384.43463000,1621987199999,352461818.37737900,574966,982565.78101000,175556939.52157900,0
2021-05-26,183.89000000,204.13000000,179.42000000,198.91000000,1540975.47323000,1622073599999,299472154.83617390,516747,792873.66151000,154096728.96942030,0
2021-05-27,198.92000000,209.00000000,180.39000000,194.32000000,1457775.38448000,1622159999999,283796099.33296860,500482,724735.40230000,141233123.14312520,0
2021-05-28,194.31000000,198.88000000,165.50000000,177.33000000,2118247.13851000,1622246399999,378817824.80821020,621180,1037263.79855000,185486012.30051950,0
2021-05-29,177.30000000,188.69000000,157.65000000,164.01000000,1554075.04320000,1622332799999,267430765.53636520,534394,771779.76477000,132873350.48693150,0
2021-05-30,164.04000000,181.10000000,155.11000000,170.51000000,1123365.50693000,1622419199999,191392497.87099630,355005,561880.30473000,95797712.88401650,0
2021-05-31,170.48000000,188.50000000,163.50000000,187.97000000,1242054.05369000,1622505599999,220163302.91881660,437579,621777.91751000,110328240.56539110,0
2021-06-01,188.01000000,193.16000000,175.82000000,182.99000000,1081241.44408000,1622591999999,197281336.35004190,416212,531753.51620000,97049506.89897860,0
2021-06-02,183.05000000,191.34000000,178.27000000,187.14000000,976844.03214000,1622678399999,180987111.28905190,337900,490059.31516000,90811621.13576890,0
2021-06-03,187.18000000,197.78000000,181.95000000,193.50000000,1079806.82442000,1622764799999,206098853.87633310,383484,549956.18575000,104989623.03992690,0
2021-06-04,193.52000000,193.81000000,168.95000000,178.44000000,1130262.18071000,1622851199999,200956756.46053020,374306,545242.30003000,96884081.79270900,0
2021-06-05,178.46000000,185.49000000,167.32000000,172.94000000,846082.98073000,1622937599999,149043048.12549120,303259,428132.49771000,75397986.75066490,0
2021-06-06,172.95000000,179.96000000,172.02000000,176.41000000,677386.36378000,1623023999999,119533928.19563780,519130,339926.51366000,59985003.16073840,0
2021-06-07,176.42000000,182.22000000,160.25000000,161.95000000,1035822.82509000,1623110399999,180434186.55291580,352728,512903.38529000,89268693.83654830,0
2021-06-08,161.92000000,164.48000000,144.89000000,160.63000000,1417289.87647000,1623196799999,222062589.14860360,365893,689101.10794000,108027399.43034200,0
2021-06-09,160.64000000,173.30000000,152.31000000,172.56000000,1139739.36054000,1623283199999,186552484.18311240,325926,570055.82499000,93324147.80963250,0
2021-06-10,172.54000000,174.61000000,162.12000000,168.16000000,878866.63371000,1623369599999,148034008.21043930,240955,433743.37393000,73099430.44720310,0
2021-06-11,168.18000000,173.78000000,160.55000000,162.83000000,928611.54446000,1623455999999,156280950.68599700,277780,459795.61764000,77405051.60063110,0
2021-06-12,162.84000000,164.30000000,154.14000000,161.80000000,653167.31003000,1623542399999,103901880.16987960,200620,319802.53052000,50878892.16190740,0
2021-06-13,161.81000000,171.59000000,156.42000000,170.85000000,573493.90783000,1623628799999,93618007.16348210,241273,286188.27277000,46727446.54899530,0
2021-06-14,170.85000000,179.99000000,166.34000000,179.89000000,802051.95645000,1623715199999,138132150.66214590,280797,417493.08416000,71919757.39595740,0
2021-06-15,179.88000000,181.20000000,172.15000000,175.15000000,654352.05304000,1623801599999,115569055.59941260,202286,320929.55719000,56707194.47571930,0
2021-06-16,175.16000000,177.31000000,164.23000000,166.57000000,761479.45263000,1623887999999,129526004.72512860,267665,371030.14679000,63137759.83949240,0
2021-06-17,166.56000000,173.40000000,162.81000000,167.08000000,559434.62367000,1623974399999,94143650.72569810,300498,278934.17757000,46968809.68327130,0
2021-06-18,167.13000000,167.43000000,151.20000000,156.34000000,800699.30384000,1624060799999,127526013.18198420,249802,382125.53103000,60814375.54703530,0
2021-06-19,156.33000000,160.88000000,152.31000000,152.49000000,523073.02283000,1624147199999,82045956.97907430,273456,236531.39792000,37083169.04815130,0
2021-06-20,152.51000000,156.18000000,143.75000000,154.88000000,611253.37603000,1624233599999,91892149.25952130,230416,293026.12961000,44079297.42183280,0
2021-06-21,154.87000000,155.50000000,123.91000000,124.46000000,1492819.37930000,1624319999999,203231053.19894940,373180,741296.99421000,100925523.78972840,0
2021-06-22,124.38000000,133.03000000,104.92000000,119.64000000,2255757.11457000,1624406399999,266726032.45740710,580740,1103791.73890000,130532096.25841640,0
2021-06-23,119.69000000,133.75000000,115.49000000,129.10000000,1020444.64312000,1624492799999,130123287.93826560,277787,498962.62265000,63628895.91643590,0
2021-06-24,129.13000000,137.36000000,123.71000000,134.58000000,660335.54019000,1624579199999,87188835.59452680,209741,324711.26328000,42908376.19185690,0
2021-06-25,134.59000000,138.45000000,124.31000000,125.00000000,764515.33892000,1624665599999,99682735.35209450,236029,370581.00844000,48321192.26336950,0
2021-06-26,125.03000000,129.44000000,118.67000000,126.89000000,871924.09227000,1624751999999,107497674.74266050,272305,434093.25813000,53540282.18425130,0
2021-06-27,126.81000000,132.67000000,124.66000000,132.60000000,573388.24688000,1624838399999,73420914.55001810,187487,286125.20464000,36642742.77263890,0
2021-06-28,132.57000000,139.55000000,129.89000000,137.69000000,703645.47159000,1624924799999,94415295.85242700,283577,359319.91124000,48204731.10452790,0
2021-06-29,137.68000000,149.18000000,137.24000000,144.20000000,898148.69711000,1625011199999,129346046.62919880,384677,442734.24354000,63712604.45730240,0
2021-06-30,144.23000000,146.94000000,136.01000000,144.26000000,629619.41847000,1625097599999,88947304.90356510,299271,304949.62748000,43078785.97702080,0
2021-07-01,144.31000000,144.31000000,133.99000000,137.02000000,539535.29970000,1625183999999,74099823.13621860,205914,262883.74239000,36100335.57628750,0
2021-07-02,137.01000000,138.97000000,130.60000000,136.85000000,467041.14947000,1625270399999,62437652.75167690,180717,232953.76160000,31146051.71417670,0
2021-07-03,136.87000000,141.37000000,134.57000000,140.17000000,351451.49767000,1625356799999,48777580.75446240,127568,179519.71358000,24916232.40729130,0
2021-07-04,140.19000000,148.10000000,136.88000000,144.95000000,443949.92264000,1625443199999,63870573.99098200,180733,215175.99342000,30946526.81197670,0
2021-07-05,144.96000000,145.03000000,133.84000000,137.71000000,561680.84949000,1625529599999,78159874.19526290,228343,271012.49727000,37729655.26173060,0
2021-07-06,137.76000000,142.73000000,135.60000000,138.87000000,530800.52733000,1625615999999,73627887.17713160,260456,258042.83012000,35808976.02417420,0
2021-07-07,138.86000000,142.93000000,136.87000000,137.41000000,520913.20131000,1625702399999,73142110.87235970,162033,264262.48536000,37118715.42357470,0
2021-07-08,137.38000000,137.74000000,127.77000000,132.15000000,645442.57112000,1625788799999,85207418.88870120,178404,310139.37419000,40933991.79907800,0
2021-07-09,132.11000000,135.85000000,126.00000000,134.58000000,527547.82163000,1625875199999,69418988.62981790,257987,258759.68479000,34068696.91055060,0
2021-07-10,134.54000000,136.82000000,130.32000000,133.99000000,365844.86832000,1625961599999,48672574.56550150,165477,183398.01229000,24403141.34545980,0
2021-07-11,133.99000000,136.48000000,132.08000000,134.28000000,324968.57149000,1626047999999,43702609.57236740,215814,165002.37144000,22191025.23261170,0
2021-07-12,134.28000000,139.75000000,131.82000000,133.38000000,670917.62355000,1626134399999,91393565.62359020,234539,330787.80445000,45045515.58906140,0
2021-07-13,133.32000000,134.61000000,129.35000000,131.44000000,454856.67168000,1626220799999,60087913.37202070,129987,226541.10296000,29938801.81390750,0
2021-07-14,131.45000000,132.42000000,123.59000000,131.07000000,538916.43958000,1626307199999,69151577.22858160,148767,262802.80646000,33757500.62987260,0
2021-07-15,131.06000000,133.13000000,121.93000000,125.86000000,494375.72430000,1626393599999,62611833.20905420,148301,234369.59244000,29687896.11450650,0
2021-07-16,125.88000000,127.87000000,120.38000000,120.65000000,422183.01506000,1626479999999,52332289.46641960,129010,200419.17318000,24843024.53266740,0
2021-07-17,120.66000000,122.92000000,117.68000000,119.95000000,425298.69428000,1626566399999,51119228.30098610,124981,202667.29852000,24368652.41602840,0
2021-07-18,120.00000000,124.05000000,116.23000000,119.17000000,430985.21457000,1626652799999,51789227.20684480,129213,217089.59398000,26082890.03888990,0
2021-07-19,119.16000000,120.75000000,111.82000000,113.13000000,493082.96266000,1626739199999,56960133.80445190,138827,237935.14925000,27480515.44835940,0
2021-07-20,113.14000000,115.09000000,103.83000000,107.29000000,766236.24738000,1626825599999,82496935.51816820,187499,377969.84829000,40723427.71669350,0
2021-07-21,107.31000000,119.24000000,105.05000000,117.74000000,682039.47283000,1626911999999,77598308.83819370,194330,342667.79501000,38965303.02446810,0
2021-07-22,117.77000000,122.00000000,115.61000000,120.67000000,464759.47146000,1626998399999,55142102.74740570,131158,236132.46654000,28028246.95807030,0
2021-07-23,120.69000000,124.78000000,117.02000000,124.24000000,404160.06952000,1627084799999,48655550.74458300,125545,201239.18686000,24242936.55129880,0
2021-07-24,124.27000000,127.70000000,123.29000000,125.99000000,432891.78019000,1627171199999,54410461.66094800,141280,219112.48140000,27534236.10032380,0
2021-07-25,126.00000000,127.99000000,123.51000000,127.68000000,392963.87036000,1627257599999,49282879.25723220,112165,196865.78703000,24690674.06263900,0
2021-07-26,127.64000000,140.47000000,126.85000000,131.06000000,1052092.77379000,1627343999999,142739916.48008180,334580,542243.21570000,73595709.75054340,0
2021-07-27,131.06000000,135.12000000,127.27000000,134.74000000,607384.02252000,1627430399999,79681430.66355630,183467,306356.48031000,40213519.04731260,0
2021-07-28,134.73000000,142.00000000,132.39000000,140.42000000,729936.12774000,1627516799999,100247791.35552700,263899,366542.71673000,50348310.40274460,0
2021-07-29,140.48000000,143.00000000,136.55000000,141.44000000,542641.00192000,1627603199999,75653246.35318830,177013,268555.00165000,37450160.60045750,0
2021-07-30,141.44000000,145.88000000,135.86000000,145.51000000,605847.24082000,1627689599999,85050084.09458060,220376,302967.99467000,42524068.17041480,0
2021-07-31,145.51000000,146.60000000,141.83000000,144.37000000,388737.61543000,1627775999999,56041707.65105860,147675,193083.68872000,27843177.46063400,0
2021-08-01,144.35000000,149.78000000,143.00000000,148.75000000,186634.50564000,1627862399999,27568672.74427900,75191,91085.46422000,13453398.79765770,0
